1
[1]

103
[54, 90, 10, 6, 58, 86, 14, 50, 94, 102, 42, 22, 78, 66, 34, 30, 70, 74, 26, 38, 62, 82, 18, 46, 98, 2, 7, 57, 87, 13, 51, 93, 103, 41, 23, 77, 67, 33, 31, 69, 75, 25, 39, 61, 83, 17, 47, 53, 91, 9, 55, 89, 11, 5, 59, 85, 15, 49, 95, 101, 43, 21, 79, 65, 35, 29, 71, 73, 27, 37, 63, 81, 19, 45, 99, 97, 3, 1, 8, 92, 52, 48, 96, 100, 44, 56, 88, 12, 4, 32, 68, 76, 24, 40, 60, 84, 16, 20, 80, 64, 36, 28, 72]

107
[5, 31, 69, 75, 25, 11, 89, 107, 37, 27, 73, 71, 29, 35, 65, 79, 21, 15, 85, 59, 41, 103, 93, 51, 49, 95, 101, 43, 57, 87, 13, 23, 77, 67, 33, 3, 6, 58, 86, 14, 50, 94, 102, 42, 22, 78, 66, 34, 30, 70, 74, 26, 10, 54, 90, 106, 38, 62, 82, 18, 46, 98, 2, 7, 9, 55, 45, 99, 97, 47, 53, 91, 105, 39, 61, 83, 17, 19, 81, 63, 1, 8, 56, 88, 12, 52, 92, 104, 40, 24, 76, 68, 32, 4, 60, 84, 16, 48, 96, 100, 44, 20, 80, 64, 36, 28, 72]

108
[50, 14, 86, 58, 6, 94, 102, 42, 22, 78, 66, 34, 30, 70, 74, 26, 10, 54, 90, 106, 38, 62, 82, 18, 46, 98, 2, 7, 9, 91, 105, 39, 25, 75, 69, 31, 33, 67, 77, 23, 13, 87, 57, 43, 101, 95, 49, 51, 93, 103, 41, 59, 85, 15, 21, 79, 65, 35, 29, 71, 73, 27, 37, 107, 89, 55, 45, 99, 1, 63, 81, 19, 17, 83, 61, 3, 97, 47, 53, 11, 5, 4, 32, 68, 76, 24, 12, 88, 108, 36, 64, 80, 20, 16, 84, 60, 40, 104, 92, 52, 48, 96, 100, 44, 56, 8, 28, 72]

111
[72, 28, 8, 56, 88, 108, 36, 64, 80, 20, 44, 100, 96, 48, 16, 84, 60, 40, 104, 92, 52, 12, 24, 76, 68, 32, 4, 5, 31, 69, 75, 25, 39, 105, 91, 53, 11, 89, 107, 37, 63, 81, 19, 45, 55, 9, 27, 73, 71, 29, 7, 57, 43, 101, 95, 49, 51, 93, 103, 41, 59, 85, 111, 33, 67, 77, 23, 13, 87, 109, 35, 65, 79, 21, 15, 1, 99, 97, 47, 17, 83, 61, 3, 6, 58, 86, 110, 34, 66, 78, 22, 42, 102, 94, 50, 14, 2, 98, 46, 18, 82, 62, 38, 106, 90, 54, 10, 26, 74, 70, 30]

112
[58, 86, 110, 34, 66, 78, 22, 42, 102, 94, 50, 14, 2, 98, 46, 18, 82, 62, 38, 106, 90, 54, 10, 26, 74, 70, 30, 6, 3, 13, 23, 77, 67, 33, 111, 85, 59, 41, 103, 93, 51, 49, 95, 101, 43, 57, 87, 109, 35, 65, 79, 21, 15, 1, 63, 81, 19, 17, 83, 61, 39, 105, 91, 9, 7, 29, 71, 73, 27, 37, 107, 89, 55, 45, 99, 97, 47, 53, 11, 25, 75, 69, 31, 5, 4, 60, 84, 112, 32, 68, 76, 24, 40, 104, 92, 52, 12, 88, 108, 36, 64, 80, 20, 16, 48, 96, 100, 44, 56, 8, 28, 72]

115
[72, 28, 8, 92, 104, 40, 60, 84, 112, 32, 68, 76, 24, 12, 52, 48, 16, 20, 80, 64, 36, 108, 88, 56, 44, 100, 96, 4, 5, 59, 85, 111, 33, 67, 77, 23, 41, 103, 93, 51, 13, 87, 109, 35, 65, 79, 21, 15, 49, 95, 101, 43, 57, 7, 9, 27, 73, 71, 29, 115, 81, 19, 45, 55, 89, 107, 37, 63, 1, 99, 97, 47, 17, 83, 113, 31, 69, 75, 25, 11, 53, 91, 105, 39, 61, 3, 6, 58, 86, 110, 34, 66, 78, 22, 42, 102, 94, 50, 14, 2, 98, 46, 18, 82, 114, 30, 70, 74, 26, 10, 54, 90, 106, 38, 62]

116
[72, 28, 116, 80, 64, 36, 108, 88, 56, 8, 92, 104, 40, 60, 84, 112, 32, 68, 76, 24, 12, 52, 48, 16, 20, 44, 100, 96, 4, 5, 95, 101, 43, 57, 87, 109, 35, 65, 79, 21, 15, 49, 51, 13, 23, 77, 67, 33, 111, 85, 59, 41, 103, 93, 7, 9, 55, 45, 19, 17, 47, 97, 99, 1, 63, 81, 115, 29, 71, 73, 27, 37, 107, 89, 11, 53, 91, 105, 39, 25, 75, 69, 31, 113, 83, 61, 3, 6, 58, 86, 110, 34, 66, 78, 22, 42, 102, 94, 50, 14, 2, 62, 38, 106, 90, 54, 10, 26, 74, 70, 30, 114, 82, 18, 46, 98]

119
[22, 14, 50, 94, 102, 42, 58, 86, 110, 34, 66, 78, 118, 26, 74, 70, 30, 114, 82, 18, 46, 98, 2, 62, 38, 106, 90, 54, 10, 6, 3, 61, 39, 105, 91, 9, 55, 45, 99, 97, 47, 53, 11, 89, 107, 37, 63, 1, 15, 21, 43, 101, 95, 49, 51, 13, 23, 41, 103, 93, 7, 57, 87, 109, 35, 65, 79, 117, 27, 73, 71, 29, 115, 81, 19, 17, 83, 113, 31, 69, 75, 25, 119, 77, 67, 33, 111, 85, 59, 5, 4, 96, 100, 44, 20, 16, 48, 52, 12, 24, 76, 68, 32, 112, 84, 60, 40, 104, 92, 8, 56, 88, 108, 36, 64, 80, 116, 28, 72]

123
[72, 28, 116, 80, 64, 36, 108, 88, 56, 8, 92, 104, 40, 60, 84, 112, 32, 68, 76, 120, 24, 12, 52, 48, 16, 20, 44, 100, 96, 4, 5, 95, 101, 43, 21, 123, 73, 71, 29, 115, 81, 19, 17, 47, 53, 11, 25, 119, 77, 67, 33, 111, 85, 59, 41, 103, 93, 7, 57, 87, 109, 35, 65, 79, 117, 27, 9, 91, 105, 39, 61, 83, 113, 31, 69, 75, 121, 23, 13, 51, 49, 15, 1, 63, 37, 107, 89, 55, 45, 99, 97, 3, 6, 58, 86, 110, 34, 66, 78, 118, 26, 10, 54, 90, 106, 38, 62, 82, 114, 30, 70, 74, 122, 22, 42, 102, 94, 50, 14, 2, 98, 46, 18]

124
[52, 48, 16, 20, 124, 72, 28, 116, 80, 64, 36, 108, 88, 12, 24, 120, 76, 68, 32, 112, 84, 60, 40, 104, 92, 8, 56, 44, 100, 96, 4, 5, 59, 41, 103, 93, 7, 9, 27, 117, 79, 65, 35, 109, 87, 57, 43, 101, 95, 49, 51, 13, 23, 121, 75, 69, 31, 113, 83, 17, 47, 97, 99, 1, 63, 37, 107, 89, 55, 45, 19, 81, 115, 29, 71, 73, 123, 21, 15, 85, 111, 33, 67, 77, 119, 25, 11, 53, 91, 105, 39, 61, 3, 6, 58, 86, 14, 50, 94, 102, 42, 22, 122, 74, 70, 30, 114, 82, 18, 46, 98, 2, 62, 38, 106, 90, 54, 10, 26, 118, 78, 66, 34, 110]

125
[22, 122, 74, 70, 30, 114, 82, 18, 46, 98, 2, 62, 38, 106, 90, 54, 10, 26, 118, 78, 66, 34, 110, 86, 14, 50, 94, 102, 42, 58, 6, 3, 61, 83, 113, 31, 69, 75, 121, 23, 13, 51, 49, 15, 21, 123, 73, 27, 117, 79, 65, 35, 109, 87, 57, 43, 101, 95, 5, 4, 60, 40, 104, 92, 52, 12, 24, 120, 76, 68, 32, 112, 84, 16, 48, 96, 100, 44, 20, 124, 72, 28, 116, 80, 64, 36, 108, 88, 56, 8, 1, 99, 97, 47, 17, 19, 125, 71, 29, 115, 81, 63, 37, 107, 89, 11, 53, 91, 105, 39, 25, 119, 77, 67, 33, 111, 85, 59, 41, 103, 93, 7, 9, 55, 45]

126
[17, 47, 97, 99, 45, 19, 125, 71, 73, 123, 21, 43, 101, 95, 49, 15, 85, 111, 33, 67, 77, 119, 25, 11, 53, 91, 105, 39, 61, 83, 113, 31, 69, 75, 121, 23, 13, 51, 93, 103, 41, 59, 5, 4, 60, 84, 112, 32, 68, 76, 120, 24, 40, 104, 92, 52, 12, 88, 108, 36, 64, 80, 116, 28, 72, 124, 20, 16, 48, 96, 100, 44, 56, 8, 1, 3, 6, 30, 114, 82, 62, 38, 106, 90, 54, 10, 26, 118, 78, 66, 34, 110, 86, 58, 42, 102, 94, 50, 14, 22, 122, 74, 70, 126, 18, 46, 98, 2, 7, 57, 87, 109, 35, 65, 79, 117, 27, 9, 55, 89, 107, 37, 63, 81, 115, 29]

127
[102, 94, 50, 14, 2, 98, 46, 18, 126, 70, 74, 122, 22, 42, 58, 86, 110, 34, 66, 78, 118, 26, 10, 54, 90, 106, 38, 62, 82, 114, 30, 6, 3, 61, 39, 105, 91, 53, 47, 97, 99, 1, 8, 56, 88, 108, 36, 64, 80, 116, 28, 72, 124, 20, 44, 100, 96, 48, 16, 84, 112, 32, 68, 76, 120, 24, 12, 52, 92, 104, 40, 60, 4, 5, 59, 85, 111, 33, 31, 113, 83, 17, 127, 69, 75, 121, 23, 41, 103, 93, 51, 13, 87, 109, 35, 65, 79, 117, 27, 9, 55, 45, 19, 125, 71, 73, 123, 21, 15, 49, 95, 101, 43, 57, 7, 29, 115, 81, 63, 37, 107, 89, 11, 25, 119, 77, 67]

128
[102, 42, 58, 86, 110, 34, 66, 78, 118, 26, 10, 54, 90, 106, 38, 62, 82, 114, 30, 6, 94, 50, 14, 22, 122, 74, 70, 126, 18, 46, 98, 2, 7, 9, 55, 45, 19, 125, 71, 29, 115, 81, 63, 37, 107, 89, 11, 53, 91, 105, 39, 25, 119, 77, 67, 33, 111, 85, 15, 21, 123, 73, 27, 117, 79, 65, 35, 109, 87, 57, 43, 101, 95, 49, 51, 93, 103, 41, 59, 5, 31, 113, 83, 61, 3, 13, 23, 121, 75, 69, 127, 17, 47, 97, 99, 1, 8, 56, 44, 100, 96, 48, 52, 92, 104, 40, 60, 84, 112, 32, 4, 12, 88, 108, 36, 64, 80, 116, 28, 72, 124, 20, 16, 128, 68, 76, 24, 120]

129
[1, 8, 56, 88, 108, 36, 64, 80, 116, 28, 72, 124, 20, 44, 100, 96, 48, 16, 128, 68, 76, 120, 24, 12, 52, 92, 104, 40, 60, 84, 112, 32, 4, 5, 11, 53, 47, 97, 99, 45, 55, 89, 107, 37, 63, 81, 115, 29, 71, 125, 19, 17, 83, 113, 31, 69, 127, 129, 15, 21, 123, 73, 27, 117, 79, 65, 35, 109, 87, 57, 43, 101, 95, 49, 51, 13, 23, 121, 75, 25, 119, 77, 67, 33, 111, 85, 59, 41, 103, 93, 7, 9, 91, 105, 39, 61, 3, 6, 10, 54, 90, 106, 38, 62, 82, 114, 30, 70, 126, 18, 46, 98, 2, 14, 50, 94, 102, 42, 22, 122, 74, 26, 118, 78, 66, 34, 110, 86, 58]

130
[13, 51, 93, 103, 41, 59, 85, 111, 33, 67, 129, 127, 17, 47, 97, 99, 45, 19, 125, 71, 29, 115, 81, 63, 37, 107, 89, 55, 9, 7, 57, 87, 109, 35, 65, 79, 117, 27, 73, 123, 21, 43, 101, 95, 49, 15, 1, 8, 56, 88, 108, 36, 64, 80, 116, 28, 72, 124, 20, 44, 100, 96, 48, 16, 128, 68, 76, 120, 24, 12, 52, 92, 104, 40, 60, 84, 112, 32, 4, 5, 11, 53, 91, 105, 39, 25, 119, 77, 23, 121, 75, 69, 31, 113, 83, 61, 3, 6, 10, 54, 90, 106, 38, 26, 118, 78, 22, 122, 74, 70, 126, 18, 46, 98, 2, 62, 82, 114, 30, 34, 66, 130, 14, 50, 94, 102, 42, 58, 86, 110]

131
[8, 56, 88, 108, 36, 64, 80, 116, 28, 72, 124, 20, 44, 100, 96, 48, 16, 128, 68, 76, 120, 24, 12, 52, 92, 104, 40, 60, 84, 112, 32, 4, 5, 95, 101, 43, 57, 7, 2, 98, 46, 18, 126, 70, 74, 122, 22, 42, 102, 94, 50, 14, 130, 66, 78, 118, 26, 10, 54, 90, 106, 38, 62, 82, 114, 30, 34, 110, 86, 58, 6, 3, 97, 47, 53, 91, 105, 39, 61, 83, 113, 31, 69, 75, 121, 23, 77, 119, 25, 11, 89, 107, 37, 63, 81, 115, 29, 71, 73, 123, 21, 79, 117, 27, 9, 55, 45, 99, 1, 15, 49, 51, 93, 103, 41, 59, 85, 111, 33, 67, 129, 127, 17, 19, 125, 131, 13, 87, 109, 35, 65]

132
[106, 90, 10, 54, 46, 98, 2, 62, 38, 26, 118, 78, 66, 130, 14, 50, 94, 102, 42, 22, 122, 74, 70, 126, 18, 82, 114, 30, 34, 110, 86, 58, 6, 3, 61, 39, 105, 91, 9, 7, 57, 43, 101, 95, 5, 59, 85, 111, 33, 31, 113, 83, 17, 19, 125, 71, 73, 123, 21, 15, 49, 51, 93, 103, 41, 23, 121, 75, 69, 127, 129, 67, 77, 119, 25, 11, 53, 47, 97, 99, 45, 55, 89, 107, 37, 27, 117, 79, 65, 131, 13, 87, 109, 35, 29, 115, 81, 63, 1, 8, 56, 88, 108, 36, 64, 80, 116, 28, 72, 124, 20, 44, 100, 96, 4, 32, 112, 84, 60, 40, 104, 92, 52, 48, 16, 128, 68, 76, 120, 24, 12, 132]

133
[45, 19, 17, 83, 113, 31, 33, 111, 85, 15, 21, 43, 101, 95, 49, 51, 93, 103, 41, 59, 5, 4, 32, 112, 84, 60, 40, 104, 92, 52, 48, 96, 100, 44, 20, 16, 128, 68, 76, 120, 24, 12, 132, 124, 72, 28, 116, 80, 64, 36, 108, 88, 56, 8, 1, 99, 97, 47, 53, 11, 25, 119, 77, 67, 129, 127, 69, 75, 121, 23, 13, 131, 125, 71, 73, 123, 133, 63, 81, 115, 29, 7, 57, 87, 109, 35, 65, 79, 117, 27, 37, 107, 89, 55, 9, 91, 105, 39, 61, 3, 6, 10, 54, 90, 106, 38, 62, 82, 18, 46, 98, 2, 34, 110, 86, 58, 42, 102, 94, 50, 14, 22, 122, 74, 26, 118, 78, 66, 130, 126, 70, 30, 114]

134
[21, 43, 101, 95, 49, 51, 13, 23, 121, 75, 69, 127, 17, 19, 45, 99, 97, 47, 53, 11, 5, 4, 32, 112, 84, 60, 40, 104, 92, 52, 48, 96, 100, 44, 20, 16, 128, 68, 76, 120, 24, 12, 132, 124, 72, 28, 116, 80, 64, 36, 108, 88, 56, 8, 1, 15, 129, 67, 77, 119, 25, 39, 105, 91, 9, 55, 89, 107, 37, 27, 117, 79, 65, 131, 125, 71, 73, 123, 133, 63, 81, 115, 29, 35, 109, 87, 57, 7, 93, 103, 41, 59, 85, 111, 33, 31, 113, 83, 61, 3, 6, 10, 134, 122, 22, 78, 118, 26, 74, 70, 30, 114, 82, 62, 38, 106, 90, 54, 46, 18, 126, 130, 66, 34, 110, 86, 58, 42, 102, 94, 50, 14, 2, 98]

135
[36, 108, 88, 56, 8, 1, 99, 97, 3, 6, 58, 86, 110, 34, 66, 78, 118, 26, 74, 70, 30, 114, 82, 18, 126, 130, 14, 50, 94, 102, 42, 22, 122, 134, 62, 38, 106, 90, 10, 54, 46, 98, 2, 7, 29, 115, 81, 63, 133, 123, 73, 71, 125, 19, 45, 55, 9, 135, 121, 75, 69, 31, 113, 83, 61, 39, 105, 91, 53, 47, 17, 127, 129, 67, 33, 111, 85, 15, 21, 79, 117, 27, 37, 107, 89, 11, 25, 119, 77, 23, 13, 131, 65, 35, 109, 87, 57, 43, 101, 95, 49, 51, 93, 103, 41, 59, 5, 4, 32, 112, 84, 60, 40, 24, 120, 76, 68, 128, 16, 48, 96, 100, 44, 20, 124, 72, 28, 116, 80, 64, 132, 12, 52, 92, 104]

136
[136, 120, 24, 76, 68, 128, 16, 20, 80, 116, 28, 72, 124, 132, 64, 36, 108, 88, 56, 44, 100, 96, 48, 52, 12, 4, 32, 112, 84, 60, 40, 104, 92, 8, 1, 99, 97, 3, 6, 58, 86, 110, 34, 30, 114, 82, 18, 126, 70, 74, 122, 22, 42, 102, 94, 50, 14, 130, 66, 78, 118, 26, 10, 134, 62, 38, 106, 90, 54, 46, 98, 2, 7, 57, 87, 109, 35, 29, 115, 81, 63, 133, 11, 53, 47, 17, 83, 61, 135, 9, 91, 105, 39, 25, 119, 77, 67, 33, 111, 85, 59, 41, 103, 93, 51, 49, 15, 129, 127, 69, 75, 121, 23, 13, 131, 65, 79, 117, 27, 37, 107, 89, 55, 45, 19, 125, 71, 73, 123, 21, 43, 101, 95, 5, 31, 113]

137
[9, 27, 117, 79, 65, 35, 109, 87, 57, 43, 21, 15, 85, 111, 33, 67, 129, 127, 69, 31, 113, 83, 17, 19, 81, 115, 29, 7, 2, 98, 46, 54, 10, 90, 106, 38, 62, 134, 122, 22, 42, 102, 94, 50, 14, 130, 126, 18, 82, 114, 30, 70, 74, 26, 118, 78, 66, 34, 110, 86, 58, 6, 3, 61, 135, 121, 75, 25, 39, 105, 91, 53, 47, 97, 99, 45, 55, 89, 107, 37, 63, 1, 8, 56, 88, 108, 36, 64, 132, 124, 72, 28, 116, 80, 20, 44, 100, 96, 48, 16, 128, 68, 32, 112, 84, 60, 136, 120, 76, 24, 40, 104, 92, 52, 12, 4, 5, 11, 133, 123, 73, 71, 125, 131, 13, 23, 77, 119, 137, 59, 41, 103, 93, 51, 49, 95, 101]

138
[137, 119, 77, 23, 121, 135, 9, 55, 45, 99, 97, 47, 53, 91, 105, 39, 61, 83, 113, 31, 5, 4, 32, 112, 84, 60, 136, 120, 76, 68, 128, 16, 20, 80, 116, 28, 72, 124, 132, 64, 36, 108, 88, 12, 24, 40, 104, 92, 52, 48, 96, 100, 44, 56, 8, 1, 15, 129, 67, 33, 111, 85, 59, 41, 103, 93, 51, 49, 95, 101, 43, 21, 79, 117, 27, 37, 107, 89, 11, 25, 75, 69, 127, 17, 19, 125, 71, 73, 123, 133, 63, 81, 115, 29, 7, 57, 87, 109, 35, 65, 131, 13, 3, 6, 138, 118, 26, 74, 122, 134, 62, 38, 106, 90, 10, 54, 46, 18, 82, 114, 30, 70, 126, 130, 66, 78, 22, 14, 50, 94, 102, 42, 58, 86, 110, 34, 2, 98]

139
[74, 70, 30, 114, 82, 18, 126, 130, 66, 34, 110, 86, 14, 50, 94, 102, 42, 58, 138, 6, 10, 26, 118, 78, 22, 122, 134, 62, 38, 106, 90, 54, 46, 98, 2, 7, 137, 119, 77, 67, 129, 127, 69, 75, 25, 11, 53, 91, 105, 39, 61, 3, 1, 63, 133, 123, 73, 71, 125, 19, 81, 115, 29, 35, 109, 87, 57, 139, 117, 79, 65, 131, 13, 23, 121, 135, 9, 27, 37, 107, 89, 55, 45, 99, 97, 47, 17, 83, 113, 31, 33, 111, 85, 59, 41, 103, 93, 51, 49, 15, 21, 43, 101, 95, 5, 4, 32, 112, 84, 16, 128, 68, 76, 120, 24, 12, 132, 64, 80, 116, 28, 72, 124, 20, 44, 100, 96, 48, 52, 92, 104, 40, 60, 136, 8, 56, 88, 108, 36]

140
[52, 48, 96, 100, 44, 56, 140, 116, 80, 20, 16, 128, 68, 32, 112, 84, 60, 136, 120, 76, 24, 40, 104, 92, 8, 28, 72, 124, 132, 64, 36, 108, 88, 12, 4, 5, 139, 117, 27, 37, 107, 89, 55, 9, 7, 57, 43, 101, 95, 49, 51, 93, 103, 41, 23, 121, 135, 61, 39, 105, 91, 53, 47, 97, 99, 45, 19, 125, 131, 65, 79, 21, 15, 129, 67, 77, 119, 137, 59, 85, 111, 33, 31, 113, 83, 17, 127, 69, 75, 25, 11, 133, 123, 73, 71, 29, 115, 81, 63, 1, 35, 109, 87, 13, 3, 6, 10, 54, 90, 106, 38, 26, 118, 138, 58, 86, 110, 34, 30, 114, 82, 62, 134, 122, 74, 70, 126, 18, 46, 98, 2, 14, 50, 94, 102, 42, 22, 78, 66, 130]

141
[125, 131, 13, 87, 109, 35, 65, 79, 117, 27, 73, 71, 29, 115, 141, 55, 45, 99, 97, 47, 53, 91, 105, 39, 25, 119, 77, 23, 41, 103, 93, 51, 49, 95, 101, 43, 57, 139, 5, 4, 140, 116, 80, 64, 132, 12, 88, 108, 36, 28, 72, 124, 20, 16, 128, 68, 32, 112, 84, 60, 136, 120, 76, 24, 40, 104, 92, 52, 48, 96, 100, 44, 56, 8, 1, 15, 21, 123, 133, 11, 89, 107, 37, 63, 81, 19, 17, 127, 129, 67, 33, 111, 85, 59, 137, 7, 9, 135, 121, 75, 69, 31, 113, 83, 61, 3, 6, 30, 114, 82, 18, 46, 98, 2, 14, 130, 126, 70, 74, 122, 134, 62, 38, 106, 90, 54, 10, 26, 118, 138, 58, 86, 110, 34, 66, 78, 22, 42, 102, 94, 50]

142
[5, 4, 96, 100, 44, 20, 124, 72, 28, 36, 108, 88, 56, 140, 116, 80, 64, 132, 12, 52, 48, 16, 128, 68, 32, 112, 84, 60, 136, 120, 76, 24, 40, 104, 92, 8, 1, 99, 97, 47, 53, 11, 25, 75, 69, 127, 17, 83, 113, 31, 33, 111, 85, 59, 41, 103, 93, 7, 137, 119, 77, 67, 129, 15, 21, 43, 101, 95, 49, 51, 13, 23, 121, 135, 61, 39, 105, 91, 9, 27, 37, 107, 89, 55, 45, 19, 81, 63, 133, 123, 73, 71, 125, 131, 65, 79, 117, 139, 57, 87, 109, 35, 29, 115, 141, 3, 6, 58, 138, 118, 78, 66, 130, 14, 86, 110, 34, 30, 114, 142, 2, 98, 46, 54, 90, 106, 38, 26, 10, 134, 62, 82, 18, 126, 70, 74, 122, 22, 42, 102, 94, 50]

143
[70, 30, 34, 110, 86, 14, 50, 94, 102, 42, 22, 122, 74, 26, 38, 106, 90, 54, 142, 114, 82, 62, 134, 10, 6, 58, 138, 118, 78, 66, 130, 126, 18, 46, 98, 2, 7, 57, 43, 101, 95, 49, 51, 93, 103, 41, 59, 137, 119, 77, 23, 121, 75, 69, 31, 33, 67, 129, 127, 17, 83, 113, 143, 53, 47, 97, 99, 45, 55, 141, 3, 61, 135, 9, 91, 105, 39, 25, 11, 89, 107, 37, 27, 73, 71, 125, 19, 81, 115, 29, 35, 109, 87, 13, 131, 65, 79, 117, 139, 5, 4, 140, 56, 44, 100, 96, 48, 52, 12, 88, 108, 36, 64, 132, 124, 72, 28, 116, 80, 20, 16, 128, 68, 32, 112, 84, 60, 136, 120, 76, 24, 40, 104, 92, 8, 1, 63, 133, 123, 21, 15, 85, 111]

144
[20, 80, 116, 140, 56, 44, 100, 96, 48, 52, 144, 112, 32, 68, 128, 16, 84, 60, 136, 120, 76, 24, 40, 104, 92, 8, 28, 72, 124, 132, 64, 36, 108, 88, 12, 4, 5, 31, 113, 83, 61, 135, 9, 91, 105, 39, 25, 119, 77, 67, 33, 111, 85, 15, 129, 127, 69, 75, 121, 23, 13, 51, 49, 95, 101, 43, 21, 79, 117, 139, 57, 87, 109, 35, 65, 131, 125, 71, 29, 115, 141, 55, 45, 99, 1, 143, 53, 11, 89, 107, 37, 27, 73, 123, 133, 63, 81, 19, 17, 47, 97, 3, 6, 138, 58, 42, 102, 94, 50, 14, 86, 110, 34, 66, 130, 126, 18, 82, 62, 38, 106, 90, 10, 134, 122, 22, 78, 118, 26, 74, 70, 30, 114, 142, 54, 46, 98, 2, 7, 137, 59, 41, 103, 93]

145
[77, 119, 137, 59, 85, 111, 145, 51, 13, 131, 125, 71, 29, 115, 81, 19, 17, 127, 129, 67, 33, 31, 69, 75, 121, 23, 41, 103, 93, 7, 57, 87, 109, 35, 65, 79, 21, 43, 101, 95, 49, 15, 1, 8, 92, 104, 40, 24, 76, 120, 136, 60, 84, 16, 128, 68, 32, 112, 144, 52, 48, 96, 100, 44, 20, 80, 64, 36, 108, 88, 56, 140, 116, 28, 72, 124, 132, 12, 4, 5, 139, 117, 27, 73, 123, 133, 63, 37, 107, 89, 11, 25, 39, 105, 91, 9, 135, 61, 83, 113, 143, 53, 47, 97, 99, 45, 55, 141, 3, 6, 138, 118, 26, 10, 134, 122, 74, 70, 126, 18, 82, 62, 38, 106, 90, 54, 46, 98, 2, 142, 114, 30, 34, 110, 86, 58, 42, 22, 78, 66, 130, 14, 50, 94, 102]

146
[53, 47, 97, 99, 45, 55, 141, 115, 81, 63, 133, 123, 73, 71, 29, 7, 93, 103, 41, 23, 13, 87, 109, 35, 65, 131, 125, 19, 17, 83, 113, 143, 1, 8, 92, 104, 40, 60, 136, 120, 76, 24, 12, 132, 124, 72, 28, 116, 140, 56, 88, 108, 36, 64, 80, 20, 44, 100, 96, 48, 52, 144, 112, 84, 16, 128, 68, 32, 4, 5, 139, 57, 43, 101, 95, 49, 51, 145, 111, 85, 59, 137, 119, 77, 67, 33, 31, 69, 127, 129, 15, 21, 79, 117, 27, 37, 107, 89, 11, 25, 75, 121, 135, 9, 91, 105, 39, 61, 3, 6, 10, 26, 74, 70, 30, 114, 142, 2, 98, 46, 54, 90, 106, 38, 62, 134, 122, 22, 42, 102, 94, 50, 146, 110, 34, 66, 78, 118, 138, 58, 86, 14, 130, 126, 18, 82]

147
[132, 12, 24, 76, 120, 136, 60, 40, 104, 92, 8, 1, 99, 97, 47, 17, 127, 129, 67, 33, 31, 69, 75, 121, 23, 77, 119, 137, 59, 41, 103, 93, 7, 2, 98, 46, 18, 126, 130, 14, 86, 58, 138, 118, 78, 66, 34, 110, 146, 50, 94, 102, 42, 22, 122, 134, 62, 82, 114, 142, 54, 10, 90, 106, 38, 26, 74, 70, 30, 6, 3, 141, 55, 45, 19, 81, 115, 29, 35, 109, 147, 49, 95, 101, 43, 57, 87, 13, 51, 145, 111, 85, 15, 21, 79, 65, 131, 125, 71, 73, 123, 133, 63, 37, 107, 89, 11, 25, 39, 105, 91, 53, 143, 113, 83, 61, 135, 9, 27, 117, 139, 5, 4, 32, 68, 128, 16, 84, 112, 144, 52, 48, 96, 100, 44, 20, 124, 72, 28, 36, 64, 80, 116, 140, 56, 88, 108]

148
[25, 119, 137, 7, 2, 98, 46, 54, 142, 114, 82, 18, 126, 130, 14, 50, 146, 110, 86, 58, 138, 118, 78, 66, 34, 30, 70, 74, 26, 10, 90, 106, 38, 62, 134, 122, 22, 42, 102, 94, 6, 3, 97, 99, 45, 19, 81, 63, 133, 11, 89, 107, 37, 27, 117, 79, 21, 123, 73, 71, 125, 131, 65, 35, 29, 115, 141, 55, 9, 91, 105, 39, 61, 135, 121, 75, 69, 127, 129, 15, 85, 111, 145, 51, 93, 103, 41, 59, 5, 139, 57, 43, 101, 95, 49, 147, 109, 87, 13, 23, 77, 67, 33, 31, 113, 83, 17, 47, 53, 143, 1, 8, 56, 44, 100, 96, 48, 148, 108, 88, 12, 132, 64, 36, 28, 72, 124, 20, 80, 116, 140, 4, 32, 112, 144, 52, 92, 104, 40, 60, 136, 120, 24, 76, 68, 128, 16, 84]

149
[122, 74, 70, 126, 130, 14, 50, 146, 110, 86, 58, 138, 118, 26, 38, 106, 90, 54, 142, 114, 30, 34, 66, 78, 22, 42, 102, 94, 6, 10, 134, 62, 82, 18, 46, 98, 2, 7, 29, 35, 1, 8, 92, 104, 40, 24, 76, 120, 136, 60, 84, 112, 144, 52, 12, 132, 124, 72, 28, 36, 64, 80, 116, 140, 56, 88, 108, 148, 48, 96, 100, 44, 20, 16, 128, 68, 32, 4, 5, 31, 69, 127, 17, 47, 149, 107, 89, 55, 141, 115, 81, 63, 37, 27, 117, 139, 57, 43, 101, 95, 49, 147, 109, 87, 13, 131, 65, 79, 21, 15, 129, 67, 33, 3, 97, 99, 45, 19, 125, 71, 73, 123, 133, 11, 53, 143, 113, 83, 61, 39, 105, 91, 9, 135, 121, 75, 25, 119, 137, 59, 85, 111, 145, 51, 93, 103, 41, 23, 77]

150
[17, 83, 113, 143, 53, 11, 133, 63, 81, 115, 141, 55, 89, 107, 37, 27, 9, 91, 105, 39, 61, 135, 121, 75, 25, 119, 77, 67, 129, 127, 69, 31, 5, 4, 32, 68, 128, 16, 84, 112, 144, 52, 92, 104, 40, 60, 136, 120, 76, 24, 12, 88, 56, 140, 116, 80, 20, 44, 100, 96, 48, 148, 108, 36, 64, 132, 124, 72, 28, 8, 1, 35, 29, 71, 73, 123, 21, 15, 85, 59, 137, 7, 2, 98, 46, 150, 106, 38, 62, 134, 122, 74, 70, 30, 34, 66, 130, 126, 18, 82, 114, 142, 54, 90, 10, 26, 118, 78, 22, 14, 86, 110, 146, 50, 94, 102, 42, 58, 138, 6, 3, 33, 111, 145, 51, 93, 103, 41, 23, 13, 87, 109, 147, 49, 95, 101, 43, 57, 139, 117, 79, 65, 131, 125, 19, 45, 99, 97, 47, 149]

151
[118, 78, 66, 34, 110, 146, 50, 94, 102, 42, 22, 122, 134, 10, 54, 90, 106, 150, 46, 98, 2, 142, 114, 30, 70, 74, 26, 38, 62, 82, 18, 126, 130, 14, 86, 58, 138, 6, 3, 97, 99, 1, 143, 53, 47, 149, 107, 89, 11, 133, 123, 73, 71, 125, 131, 13, 87, 109, 147, 49, 51, 145, 111, 33, 31, 113, 83, 17, 19, 81, 63, 37, 27, 9, 91, 105, 151, 45, 55, 141, 115, 29, 35, 65, 79, 117, 139, 57, 7, 93, 103, 41, 23, 77, 67, 129, 127, 69, 75, 121, 135, 61, 39, 25, 119, 137, 59, 85, 15, 21, 43, 101, 95, 5, 4, 32, 68, 76, 120, 24, 40, 104, 92, 52, 144, 112, 84, 60, 136, 8, 56, 140, 116, 80, 64, 36, 28, 72, 124, 132, 12, 88, 108, 148, 48, 96, 100, 44, 20, 16, 128]

152
[84, 60, 136, 120, 76, 68, 128, 16, 20, 80, 116, 28, 72, 124, 132, 64, 36, 108, 148, 48, 96, 100, 44, 152, 104, 40, 24, 12, 88, 56, 140, 4, 32, 112, 144, 52, 92, 8, 1, 15, 21, 43, 101, 95, 49, 147, 109, 35, 29, 115, 141, 55, 89, 107, 149, 47, 97, 99, 45, 151, 105, 39, 25, 119, 137, 59, 85, 111, 145, 51, 13, 87, 57, 139, 5, 11, 133, 123, 73, 71, 125, 131, 65, 79, 117, 27, 9, 91, 53, 143, 113, 83, 61, 135, 121, 75, 69, 31, 33, 3, 6, 58, 138, 118, 78, 22, 42, 102, 94, 50, 146, 110, 86, 14, 130, 66, 34, 30, 70, 126, 18, 82, 114, 142, 54, 90, 10, 26, 74, 122, 134, 62, 38, 106, 150, 46, 98, 2, 7, 93, 103, 41, 23, 77, 67, 129, 127, 17, 19, 81, 63, 37]

153
[138, 58, 86, 110, 146, 50, 14, 130, 66, 34, 30, 114, 82, 18, 126, 70, 74, 122, 134, 62, 38, 106, 150, 46, 98, 2, 142, 54, 90, 10, 26, 118, 78, 22, 42, 102, 94, 6, 3, 61, 135, 121, 75, 69, 31, 33, 111, 145, 51, 93, 7, 9, 91, 53, 143, 113, 83, 17, 127, 129, 67, 77, 23, 41, 103, 153, 43, 101, 95, 49, 147, 109, 35, 65, 79, 117, 27, 73, 71, 29, 115, 141, 55, 45, 151, 105, 39, 25, 119, 137, 59, 85, 15, 21, 123, 133, 11, 89, 107, 37, 63, 81, 19, 125, 131, 13, 87, 57, 139, 5, 4, 12, 132, 64, 36, 28, 72, 124, 20, 80, 116, 140, 56, 88, 108, 148, 48, 96, 100, 44, 152, 104, 92, 52, 144, 112, 32, 68, 128, 16, 84, 60, 40, 24, 76, 120, 136, 8, 1, 99, 97, 47, 149]

154
[5, 4, 12, 132, 64, 36, 28, 72, 124, 20, 80, 116, 140, 56, 88, 108, 148, 48, 96, 100, 44, 152, 104, 40, 24, 76, 120, 136, 60, 84, 16, 128, 68, 32, 112, 144, 52, 92, 8, 1, 63, 37, 27, 73, 71, 125, 19, 81, 115, 29, 7, 93, 51, 145, 111, 33, 67, 129, 15, 85, 59, 137, 119, 77, 23, 41, 103, 153, 43, 101, 95, 49, 147, 109, 35, 65, 131, 13, 87, 57, 139, 117, 79, 21, 123, 133, 11, 53, 143, 113, 31, 69, 127, 17, 83, 61, 39, 25, 75, 121, 135, 9, 91, 105, 151, 45, 99, 97, 47, 149, 107, 89, 55, 141, 3, 6, 30, 114, 142, 54, 90, 10, 26, 38, 106, 150, 46, 18, 82, 62, 134, 122, 74, 70, 126, 130, 66, 78, 118, 138, 58, 86, 14, 22, 42, 154, 102, 94, 50, 146, 110, 34, 2, 98]

155
[96, 100, 44, 152, 104, 40, 24, 76, 120, 136, 60, 84, 112, 144, 52, 92, 8, 28, 72, 124, 20, 80, 116, 140, 56, 88, 12, 132, 64, 36, 108, 148, 48, 16, 128, 68, 32, 4, 5, 11, 89, 55, 141, 115, 81, 19, 125, 131, 65, 35, 29, 71, 73, 123, 133, 63, 1, 143, 113, 83, 17, 127, 69, 31, 33, 67, 129, 15, 85, 111, 145, 51, 93, 103, 153, 43, 21, 79, 117, 139, 57, 7, 2, 98, 46, 150, 106, 38, 62, 134, 122, 74, 26, 10, 90, 54, 142, 114, 82, 18, 126, 70, 30, 34, 66, 130, 14, 50, 146, 110, 86, 58, 138, 118, 78, 22, 42, 154, 102, 94, 6, 3, 13, 87, 109, 147, 49, 95, 101, 155, 41, 59, 137, 119, 77, 23, 121, 75, 25, 39, 61, 135, 9, 27, 37, 107, 149, 47, 53, 91, 105, 151, 45, 99, 97]

156
[64, 80, 116, 140, 56, 88, 12, 132, 124, 72, 28, 36, 108, 148, 48, 52, 144, 112, 32, 68, 128, 16, 20, 44, 152, 104, 92, 8, 1, 99, 97, 47, 149, 107, 89, 11, 133, 123, 73, 71, 125, 131, 65, 79, 21, 15, 85, 111, 145, 51, 93, 103, 153, 43, 101, 155, 41, 59, 137, 119, 77, 23, 121, 135, 61, 83, 17, 19, 45, 151, 105, 39, 25, 75, 69, 127, 129, 67, 33, 31, 113, 143, 53, 91, 9, 55, 141, 115, 81, 63, 37, 27, 117, 139, 57, 87, 13, 3, 6, 94, 102, 154, 42, 22, 78, 66, 130, 126, 18, 82, 114, 142, 54, 90, 10, 26, 118, 138, 58, 86, 14, 50, 146, 110, 34, 30, 70, 74, 122, 134, 62, 38, 106, 150, 46, 98, 2, 7, 29, 35, 109, 147, 49, 95, 5, 4, 96, 100, 156, 40, 24, 76, 120, 136, 60, 84]

157
[150, 106, 90, 54, 142, 114, 82, 62, 38, 26, 118, 138, 58, 6, 10, 134, 122, 74, 70, 30, 34, 66, 78, 22, 42, 154, 102, 94, 50, 146, 110, 86, 14, 130, 126, 18, 46, 98, 2, 7, 57, 139, 117, 79, 65, 35, 29, 71, 73, 123, 21, 43, 153, 103, 93, 51, 145, 111, 85, 59, 137, 119, 25, 39, 157, 99, 45, 151, 105, 91, 9, 27, 37, 107, 149, 47, 53, 143, 113, 31, 69, 75, 121, 135, 61, 83, 17, 127, 129, 15, 49, 147, 109, 87, 13, 131, 125, 19, 81, 115, 141, 55, 89, 11, 133, 63, 1, 8, 136, 60, 84, 16, 128, 68, 76, 120, 24, 40, 156, 100, 96, 48, 148, 108, 88, 12, 132, 64, 36, 28, 72, 124, 20, 80, 116, 140, 56, 44, 152, 104, 92, 52, 144, 112, 32, 4, 5, 95, 101, 155, 41, 23, 77, 67, 33, 3, 97]

158
[74, 70, 126, 18, 82, 62, 134, 122, 22, 42, 154, 102, 94, 50, 146, 110, 86, 58, 138, 118, 78, 66, 130, 14, 2, 34, 30, 114, 142, 54, 90, 106, 150, 46, 98, 158, 38, 26, 10, 6, 3, 61, 39, 157, 99, 45, 151, 105, 91, 9, 135, 121, 23, 41, 155, 101, 95, 5, 4, 96, 48, 148, 108, 88, 56, 140, 116, 80, 20, 124, 72, 28, 36, 64, 132, 12, 52, 144, 112, 32, 68, 128, 16, 84, 60, 136, 120, 76, 24, 40, 156, 100, 44, 152, 104, 92, 8, 1, 63, 37, 27, 73, 71, 29, 35, 65, 79, 117, 139, 57, 43, 153, 103, 93, 7, 137, 59, 85, 15, 21, 123, 133, 11, 53, 143, 113, 83, 17, 127, 129, 67, 77, 119, 25, 75, 69, 31, 33, 111, 145, 51, 49, 147, 109, 87, 13, 131, 125, 19, 81, 115, 141, 55, 89, 107, 149, 47, 97]

159
[52, 144, 112, 32, 68, 128, 16, 84, 60, 136, 120, 76, 24, 40, 156, 100, 96, 48, 148, 108, 36, 64, 80, 20, 44, 152, 104, 92, 8, 56, 88, 12, 132, 124, 72, 28, 116, 140, 4, 5, 95, 101, 155, 41, 23, 77, 67, 33, 31, 69, 75, 121, 135, 61, 83, 113, 143, 53, 11, 89, 107, 149, 47, 97, 159, 37, 63, 133, 123, 73, 27, 117, 139, 57, 87, 109, 147, 49, 51, 145, 111, 85, 59, 137, 119, 25, 39, 157, 99, 45, 151, 105, 91, 9, 55, 141, 115, 81, 19, 17, 127, 129, 15, 1, 35, 65, 79, 21, 43, 153, 103, 93, 7, 29, 71, 125, 131, 13, 3, 6, 10, 90, 106, 150, 46, 54, 142, 114, 82, 18, 126, 130, 14, 2, 98, 158, 38, 62, 134, 122, 22, 78, 66, 34, 30, 70, 74, 26, 118, 138, 58, 86, 110, 146, 50, 94, 102, 42, 154]

160
[156, 40, 60, 136, 120, 76, 24, 12, 88, 56, 140, 116, 28, 72, 124, 132, 64, 80, 20, 44, 100, 96, 160, 36, 108, 148, 48, 52, 144, 112, 84, 16, 128, 68, 32, 4, 5, 95, 101, 155, 41, 23, 13, 87, 109, 147, 49, 51, 145, 111, 33, 67, 77, 119, 137, 59, 85, 15, 129, 127, 69, 31, 113, 83, 17, 19, 125, 131, 65, 35, 29, 71, 73, 27, 9, 55, 89, 107, 149, 47, 97, 159, 37, 63, 81, 115, 141, 3, 6, 138, 58, 86, 14, 130, 66, 78, 118, 26, 38, 158, 98, 46, 150, 106, 90, 54, 10, 134, 62, 82, 18, 126, 70, 74, 122, 22, 42, 154, 102, 94, 50, 146, 110, 34, 30, 114, 142, 2, 7, 93, 103, 153, 43, 57, 139, 117, 79, 21, 123, 133, 11, 25, 75, 121, 135, 61, 39, 157, 99, 45, 151, 105, 91, 53, 143, 1, 8, 92, 104, 152]

161
[10, 134, 62, 82, 114, 142, 54, 90, 106, 150, 46, 18, 126, 70, 74, 122, 22, 78, 66, 130, 14, 86, 110, 146, 50, 94, 102, 154, 42, 58, 138, 118, 26, 38, 158, 98, 2, 34, 30, 6, 3, 141, 55, 89, 11, 25, 75, 121, 135, 61, 39, 157, 99, 97, 159, 37, 107, 149, 47, 53, 143, 113, 83, 17, 19, 45, 151, 105, 91, 9, 27, 73, 71, 125, 131, 65, 35, 161, 95, 101, 155, 41, 23, 13, 87, 109, 147, 49, 15, 1, 8, 92, 104, 152, 44, 56, 140, 116, 28, 72, 124, 132, 12, 88, 108, 148, 48, 52, 144, 112, 84, 60, 136, 120, 76, 24, 40, 156, 100, 96, 160, 36, 64, 80, 20, 16, 128, 68, 32, 4, 5, 59, 85, 111, 33, 31, 69, 127, 129, 67, 77, 119, 137, 7, 29, 115, 81, 63, 133, 123, 21, 79, 117, 139, 57, 43, 153, 103, 93, 51, 145]

162
[18, 82, 114, 30, 70, 126, 130, 14, 50, 146, 110, 86, 58, 6, 138, 118, 78, 66, 34, 162, 94, 102, 154, 42, 22, 122, 74, 26, 10, 134, 62, 38, 158, 98, 46, 150, 106, 90, 54, 142, 2, 7, 137, 119, 77, 67, 129, 127, 69, 31, 33, 3, 61, 135, 9, 91, 105, 151, 45, 19, 81, 63, 133, 123, 73, 27, 117, 139, 57, 87, 13, 23, 121, 75, 25, 39, 157, 99, 97, 159, 37, 107, 149, 47, 17, 83, 113, 143, 53, 11, 5, 4, 32, 68, 128, 16, 48, 148, 108, 36, 160, 96, 100, 156, 40, 24, 76, 120, 136, 60, 84, 112, 144, 52, 12, 88, 56, 140, 116, 28, 72, 124, 132, 64, 80, 20, 44, 152, 104, 92, 8, 1, 15, 49, 147, 109, 35, 161, 95, 101, 155, 41, 59, 85, 111, 145, 51, 93, 103, 153, 43, 21, 79, 65, 131, 125, 71, 29, 115, 141, 55, 89]

163
[36, 160, 96, 48, 148, 108, 88, 56, 140, 116, 28, 72, 124, 20, 80, 64, 132, 12, 4, 32, 112, 144, 52, 92, 104, 152, 44, 100, 156, 40, 60, 84, 16, 128, 68, 76, 24, 120, 136, 8, 1, 143, 53, 47, 149, 107, 89, 55, 141, 3, 6, 30, 114, 142, 54, 10, 90, 106, 150, 46, 18, 82, 62, 134, 122, 22, 42, 154, 102, 94, 162, 34, 66, 78, 118, 138, 58, 86, 110, 146, 50, 14, 130, 126, 70, 74, 26, 38, 158, 98, 2, 7, 57, 87, 13, 131, 125, 71, 29, 115, 81, 19, 45, 151, 105, 91, 9, 27, 73, 123, 21, 43, 153, 103, 93, 51, 145, 111, 85, 15, 49, 147, 109, 35, 65, 79, 117, 139, 5, 11, 25, 75, 69, 31, 113, 83, 17, 127, 129, 67, 33, 163, 161, 95, 101, 155, 41, 59, 137, 119, 77, 23, 121, 135, 61, 39, 157, 99, 97, 159, 37, 63, 133]

164
[2, 98, 158, 38, 106, 150, 46, 18, 82, 62, 134, 10, 90, 54, 142, 114, 30, 70, 126, 130, 14, 50, 146, 110, 86, 58, 42, 154, 102, 94, 162, 34, 66, 78, 22, 122, 74, 26, 118, 138, 6, 3, 61, 135, 121, 75, 25, 39, 157, 99, 97, 159, 37, 63, 81, 115, 141, 55, 9, 27, 73, 71, 29, 35, 65, 131, 125, 19, 45, 151, 105, 91, 53, 143, 1, 15, 85, 111, 145, 51, 49, 147, 109, 87, 13, 23, 77, 119, 137, 7, 93, 103, 153, 43, 57, 139, 117, 79, 21, 123, 133, 11, 89, 107, 149, 47, 17, 83, 113, 31, 69, 127, 129, 67, 33, 163, 161, 95, 101, 155, 41, 59, 5, 4, 32, 164, 160, 36, 28, 72, 124, 20, 16, 128, 68, 76, 120, 24, 40, 156, 100, 96, 48, 52, 144, 112, 84, 60, 136, 8, 92, 104, 152, 44, 56, 140, 116, 80, 64, 132, 12, 88, 108, 148]

165
[121, 75, 69, 127, 17, 83, 61, 135, 9, 27, 37, 159, 165, 91, 105, 151, 45, 19, 125, 131, 65, 35, 29, 71, 73, 123, 21, 79, 117, 139, 5, 4, 32, 68, 128, 16, 20, 44, 152, 104, 92, 164, 160, 96, 100, 156, 40, 24, 76, 120, 136, 60, 84, 112, 144, 52, 48, 148, 108, 88, 12, 132, 124, 72, 28, 36, 64, 80, 116, 140, 56, 8, 1, 3, 97, 99, 157, 39, 25, 11, 133, 63, 81, 115, 141, 55, 89, 107, 149, 47, 53, 143, 113, 31, 33, 67, 129, 15, 49, 147, 109, 87, 57, 43, 153, 103, 93, 163, 161, 95, 101, 155, 41, 59, 85, 111, 145, 51, 13, 23, 77, 119, 137, 7, 2, 14, 50, 146, 110, 86, 58, 42, 154, 102, 94, 162, 34, 30, 70, 74, 122, 22, 78, 66, 130, 126, 18, 82, 62, 134, 10, 6, 138, 118, 26, 38, 158, 98, 46, 150, 106, 90, 54, 142, 114]

166
[45, 151, 105, 39, 157, 99, 97, 159, 165, 91, 9, 7, 2, 98, 158, 166, 30, 34, 162, 94, 102, 154, 42, 22, 78, 66, 130, 14, 50, 146, 110, 86, 58, 138, 118, 26, 38, 62, 134, 122, 74, 70, 126, 18, 82, 114, 142, 54, 46, 150, 106, 90, 10, 6, 3, 33, 31, 69, 75, 25, 119, 137, 59, 41, 155, 101, 43, 153, 103, 93, 163, 161, 95, 5, 4, 140, 116, 80, 20, 124, 72, 28, 36, 64, 132, 12, 88, 108, 148, 48, 52, 144, 112, 32, 68, 128, 16, 84, 60, 136, 120, 76, 24, 40, 156, 100, 96, 160, 164, 92, 104, 152, 44, 56, 8, 1, 143, 113, 83, 61, 135, 121, 23, 77, 67, 129, 127, 17, 47, 149, 107, 89, 55, 141, 115, 81, 19, 125, 131, 65, 79, 21, 123, 73, 71, 29, 35, 109, 147, 49, 15, 85, 111, 145, 51, 13, 87, 57, 139, 117, 27, 37, 63, 133, 11, 53]

167
[134, 10, 54, 142, 114, 82, 62, 2, 98, 158, 38, 26, 118, 78, 66, 130, 126, 18, 46, 150, 106, 90, 166, 30, 70, 74, 122, 22, 42, 154, 102, 94, 162, 34, 110, 146, 50, 14, 86, 58, 138, 6, 3, 13, 87, 57, 139, 5, 95, 161, 163, 33, 111, 145, 51, 93, 103, 153, 43, 101, 155, 41, 59, 85, 15, 49, 147, 109, 35, 65, 131, 125, 71, 73, 123, 21, 79, 117, 27, 9, 135, 121, 23, 77, 67, 129, 127, 17, 47, 149, 107, 37, 159, 97, 99, 157, 167, 89, 55, 141, 115, 29, 7, 137, 119, 25, 75, 69, 31, 165, 91, 53, 11, 133, 63, 81, 19, 45, 151, 105, 39, 61, 83, 113, 143, 1, 8, 136, 120, 24, 76, 68, 128, 16, 48, 148, 108, 36, 160, 164, 32, 112, 144, 52, 92, 104, 152, 44, 56, 88, 12, 132, 64, 80, 20, 124, 72, 28, 116, 140, 4, 96, 100, 156, 40, 60, 84]

168
[34, 162, 94, 102, 154, 42, 22, 78, 66, 130, 14, 50, 146, 110, 86, 58, 138, 118, 26, 74, 122, 134, 62, 38, 106, 150, 46, 98, 158, 166, 90, 54, 10, 6, 30, 70, 126, 18, 82, 114, 142, 2, 7, 57, 87, 13, 131, 65, 79, 117, 139, 5, 95, 101, 155, 41, 23, 77, 119, 137, 59, 85, 111, 145, 51, 49, 147, 109, 35, 161, 163, 93, 103, 153, 43, 21, 15, 129, 67, 33, 31, 113, 143, 53, 47, 149, 107, 89, 167, 29, 115, 81, 19, 125, 71, 73, 123, 133, 11, 25, 39, 157, 99, 97, 159, 165, 91, 105, 151, 45, 55, 141, 3, 61, 83, 17, 127, 69, 75, 121, 135, 9, 27, 37, 63, 1, 8, 136, 120, 24, 76, 68, 128, 16, 84, 112, 144, 52, 48, 148, 108, 36, 160, 96, 100, 156, 40, 60, 4, 32, 164, 92, 104, 152, 44, 56, 140, 116, 28, 72, 124, 20, 80, 64, 132, 12, 88, 168]

169
[34, 162, 94, 102, 154, 42, 58, 86, 110, 146, 50, 14, 2, 142, 114, 82, 18, 126, 130, 66, 78, 22, 122, 74, 70, 30, 166, 158, 98, 46, 150, 106, 90, 54, 10, 134, 62, 38, 26, 118, 138, 6, 3, 141, 115, 81, 19, 17, 83, 61, 135, 121, 75, 69, 127, 129, 67, 77, 119, 25, 11, 53, 47, 149, 107, 37, 63, 133, 123, 73, 27, 117, 139, 57, 87, 169, 155, 41, 23, 13, 51, 145, 111, 33, 31, 113, 143, 1, 8, 92, 52, 144, 112, 84, 60, 136, 120, 24, 76, 68, 128, 16, 48, 148, 108, 36, 64, 132, 12, 88, 56, 140, 116, 80, 20, 124, 72, 28, 168, 156, 40, 104, 152, 44, 100, 96, 160, 164, 32, 4, 5, 95, 101, 43, 153, 103, 93, 163, 161, 35, 109, 147, 49, 15, 85, 59, 137, 7, 9, 91, 165, 159, 97, 99, 157, 39, 105, 151, 45, 55, 89, 167, 29, 71, 125, 131, 65, 79, 21]

170
[141, 115, 81, 19, 125, 131, 13, 87, 57, 139, 117, 79, 65, 35, 109, 147, 49, 15, 21, 123, 73, 71, 29, 167, 157, 99, 45, 151, 105, 91, 165, 159, 37, 27, 169, 155, 101, 43, 153, 103, 41, 23, 77, 119, 25, 39, 61, 3, 97, 47, 149, 107, 89, 55, 9, 135, 121, 75, 69, 31, 33, 67, 129, 127, 17, 83, 113, 143, 53, 11, 133, 63, 1, 8, 92, 104, 152, 44, 100, 96, 160, 164, 32, 68, 128, 16, 20, 80, 64, 36, 108, 148, 48, 52, 144, 112, 84, 60, 136, 120, 76, 24, 40, 156, 168, 88, 56, 140, 116, 28, 72, 124, 132, 12, 4, 5, 95, 161, 163, 93, 51, 145, 111, 85, 59, 137, 7, 2, 98, 158, 166, 90, 54, 142, 114, 30, 34, 110, 146, 50, 14, 86, 170, 26, 38, 106, 150, 46, 18, 82, 62, 134, 10, 6, 58, 138, 118, 78, 66, 130, 126, 70, 74, 122, 22, 42, 154, 102, 94, 162]

171
[128, 68, 76, 120, 136, 60, 40, 24, 12, 52, 144, 112, 84, 16, 48, 148, 108, 88, 168, 156, 100, 96, 160, 36, 64, 132, 124, 72, 28, 8, 56, 140, 116, 80, 20, 44, 152, 104, 92, 164, 32, 4, 5, 31, 165, 91, 53, 47, 149, 107, 37, 159, 97, 99, 45, 151, 105, 39, 157, 167, 29, 115, 141, 3, 6, 30, 166, 90, 106, 150, 46, 18, 126, 70, 74, 26, 170, 86, 58, 138, 118, 78, 66, 130, 14, 50, 146, 110, 34, 162, 94, 102, 154, 42, 22, 122, 134, 10, 54, 142, 114, 82, 62, 38, 158, 98, 2, 7, 93, 103, 41, 155, 169, 27, 9, 55, 89, 11, 25, 119, 137, 59, 85, 171, 153, 43, 101, 95, 161, 163, 33, 111, 145, 51, 13, 23, 77, 67, 129, 15, 49, 147, 109, 87, 57, 139, 117, 79, 21, 123, 133, 63, 81, 19, 17, 127, 69, 75, 121, 135, 61, 83, 113, 143, 1, 35, 65, 131, 125, 71, 73]

172
[138, 118, 78, 22, 122, 134, 62, 82, 18, 126, 70, 74, 26, 170, 154, 102, 42, 58, 86, 110, 146, 50, 94, 162, 34, 66, 130, 14, 2, 98, 158, 38, 106, 150, 46, 54, 142, 114, 30, 166, 90, 10, 6, 3, 61, 83, 113, 143, 53, 91, 165, 31, 33, 67, 77, 119, 137, 7, 9, 135, 121, 23, 13, 51, 145, 111, 85, 59, 5, 139, 57, 87, 109, 147, 49, 15, 129, 127, 69, 75, 25, 171, 153, 43, 101, 95, 161, 163, 93, 103, 41, 155, 169, 27, 117, 79, 21, 123, 73, 71, 29, 167, 89, 11, 133, 63, 81, 115, 141, 55, 45, 151, 105, 39, 157, 99, 97, 159, 37, 107, 149, 47, 17, 19, 125, 131, 65, 35, 1, 8, 136, 60, 84, 112, 144, 52, 92, 104, 40, 156, 168, 28, 72, 124, 20, 80, 116, 140, 56, 88, 108, 148, 48, 16, 128, 68, 76, 120, 24, 172, 152, 44, 100, 96, 160, 36, 64, 132, 12, 4, 32, 164]

173
[110, 146, 50, 94, 162, 34, 30, 166, 158, 98, 2, 62, 38, 26, 74, 70, 126, 18, 82, 114, 142, 54, 46, 150, 106, 90, 10, 134, 122, 22, 42, 102, 154, 170, 86, 14, 130, 66, 78, 118, 138, 58, 6, 3, 141, 55, 45, 19, 17, 47, 149, 107, 37, 27, 9, 135, 61, 39, 105, 151, 173, 83, 113, 31, 5, 4, 12, 52, 144, 112, 32, 164, 92, 104, 40, 24, 120, 76, 68, 128, 16, 20, 80, 116, 140, 56, 88, 108, 148, 48, 96, 160, 36, 64, 132, 124, 72, 28, 168, 156, 100, 44, 152, 172, 84, 60, 136, 8, 1, 143, 53, 91, 165, 159, 97, 99, 157, 167, 89, 11, 133, 63, 81, 115, 29, 35, 109, 147, 49, 95, 161, 163, 93, 51, 145, 111, 33, 67, 77, 119, 25, 171, 153, 103, 41, 59, 85, 15, 129, 127, 69, 75, 121, 23, 13, 87, 169, 155, 101, 43, 21, 123, 73, 71, 125, 131, 65, 79, 117, 139, 57, 7, 137]

174
[134, 122, 22, 78, 66, 130, 126, 70, 74, 26, 118, 138, 58, 42, 102, 154, 170, 86, 14, 50, 146, 110, 34, 162, 94, 6, 10, 90, 54, 142, 114, 30, 166, 158, 98, 46, 18, 82, 174, 150, 106, 38, 62, 2, 7, 137, 119, 25, 171, 153, 43, 21, 123, 73, 71, 29, 167, 89, 55, 141, 115, 81, 63, 133, 11, 53, 47, 149, 107, 37, 27, 9, 91, 105, 151, 45, 99, 157, 39, 61, 135, 121, 75, 69, 31, 33, 163, 93, 103, 41, 59, 5, 4, 96, 160, 36, 64, 132, 12, 52, 144, 112, 32, 164, 92, 104, 152, 172, 84, 60, 40, 156, 100, 44, 56, 140, 116, 80, 20, 124, 72, 28, 168, 88, 108, 148, 48, 16, 128, 68, 76, 24, 120, 136, 8, 1, 143, 113, 83, 173, 23, 77, 67, 129, 127, 17, 19, 125, 131, 65, 79, 117, 139, 57, 87, 169, 155, 101, 95, 161, 35, 109, 147, 49, 15, 85, 111, 145, 51, 13, 3, 97, 159, 165]

175
[20, 80, 64, 36, 108, 148, 48, 96, 160, 164, 92, 52, 144, 112, 32, 4, 60, 136, 120, 76, 68, 128, 16, 84, 172, 24, 40, 104, 152, 44, 100, 156, 168, 88, 12, 132, 124, 72, 28, 116, 140, 56, 8, 1, 15, 129, 67, 77, 119, 137, 59, 85, 171, 153, 103, 41, 23, 121, 75, 69, 127, 17, 19, 125, 71, 29, 167, 157, 99, 45, 151, 173, 83, 113, 143, 53, 47, 149, 175, 21, 79, 117, 27, 73, 123, 133, 63, 81, 115, 141, 55, 9, 135, 61, 3, 97, 159, 37, 107, 89, 11, 25, 39, 105, 91, 165, 31, 5, 139, 57, 43, 101, 155, 169, 87, 109, 147, 49, 95, 161, 35, 65, 131, 13, 51, 145, 111, 33, 163, 93, 7, 2, 98, 158, 166, 30, 114, 142, 54, 90, 106, 38, 62, 82, 18, 46, 150, 174, 22, 78, 66, 34, 162, 94, 102, 42, 154, 170, 26, 118, 138, 58, 6, 10, 134, 122, 74, 70, 126, 130, 14, 86, 110, 146, 50]

176
[116, 140, 4, 12, 52, 144, 112, 32, 164, 92, 104, 40, 156, 100, 96, 160, 36, 108, 88, 168, 28, 72, 124, 132, 64, 80, 20, 176, 148, 48, 16, 128, 68, 76, 24, 120, 136, 60, 84, 172, 152, 44, 56, 8, 1, 143, 113, 31, 69, 127, 129, 15, 85, 59, 137, 119, 77, 67, 33, 111, 145, 51, 49, 147, 109, 35, 161, 163, 93, 103, 153, 171, 25, 75, 121, 23, 41, 155, 169, 87, 13, 3, 6, 30, 34, 162, 94, 102, 154, 170, 86, 110, 146, 50, 14, 130, 66, 78, 118, 138, 58, 42, 22, 174, 150, 46, 98, 158, 166, 90, 106, 38, 26, 10, 54, 142, 114, 82, 18, 126, 70, 74, 122, 134, 62, 2, 7, 57, 139, 117, 79, 65, 131, 125, 71, 29, 167, 89, 55, 141, 115, 81, 19, 45, 151, 105, 91, 165, 159, 97, 99, 157, 39, 61, 135, 9, 27, 73, 123, 133, 63, 37, 107, 149, 175, 21, 43, 101, 95, 5, 11, 53, 47, 17, 83, 173]

177
[106, 90, 166, 30, 114, 142, 54, 10, 134, 122, 74, 70, 126, 130, 14, 50, 146, 110, 86, 170, 26, 38, 158, 98, 2, 62, 82, 18, 46, 150, 174, 22, 42, 154, 102, 94, 162, 34, 66, 78, 118, 138, 58, 6, 3, 33, 67, 77, 119, 137, 59, 41, 155, 101, 95, 161, 163, 93, 103, 153, 171, 25, 75, 121, 23, 13, 131, 65, 79, 177, 147, 49, 51, 145, 111, 85, 15, 129, 127, 17, 19, 125, 71, 73, 123, 133, 63, 81, 115, 141, 55, 9, 135, 61, 83, 173, 151, 45, 99, 97, 47, 53, 11, 89, 167, 157, 39, 105, 91, 165, 159, 37, 107, 149, 175, 21, 43, 57, 7, 29, 35, 109, 87, 169, 27, 117, 139, 5, 4, 32, 68, 128, 16, 48, 96, 100, 156, 168, 88, 108, 148, 176, 20, 44, 56, 140, 116, 80, 64, 36, 160, 164, 92, 52, 144, 112, 84, 172, 152, 104, 40, 60, 136, 120, 76, 24, 12, 132, 124, 72, 28, 8, 1, 143, 113, 31, 69]

178
[66, 130, 14, 50, 94, 162, 34, 2, 142, 114, 30, 166, 158, 98, 46, 54, 90, 10, 134, 122, 22, 174, 150, 106, 38, 62, 82, 18, 126, 70, 74, 26, 170, 154, 102, 42, 58, 86, 110, 146, 178, 78, 118, 138, 6, 3, 61, 135, 121, 75, 69, 127, 129, 67, 77, 119, 25, 171, 85, 15, 21, 123, 73, 71, 125, 131, 65, 79, 177, 19, 45, 151, 173, 83, 17, 47, 97, 99, 1, 8, 92, 164, 32, 68, 128, 16, 48, 96, 160, 36, 108, 148, 176, 20, 124, 72, 28, 116, 80, 64, 132, 12, 52, 144, 112, 84, 172, 24, 76, 120, 136, 60, 40, 104, 152, 44, 100, 156, 168, 88, 56, 140, 4, 5, 59, 137, 7, 93, 163, 161, 95, 101, 155, 169, 87, 13, 23, 41, 103, 153, 43, 57, 139, 117, 27, 37, 159, 165, 91, 105, 39, 157, 167, 89, 107, 149, 175, 81, 63, 133, 11, 53, 143, 113, 31, 33, 111, 145, 51, 49, 147, 109, 35, 29, 115, 141, 55, 9]

179
[162, 94, 102, 42, 154, 170, 86, 110, 146, 50, 14, 130, 66, 34, 2, 142, 114, 82, 62, 134, 10, 54, 46, 98, 158, 38, 26, 74, 122, 22, 174, 150, 106, 90, 166, 30, 70, 126, 18, 178, 78, 118, 138, 58, 6, 3, 33, 31, 113, 143, 1, 8, 136, 120, 76, 24, 172, 152, 44, 56, 140, 116, 28, 72, 124, 132, 64, 80, 20, 176, 148, 108, 36, 160, 164, 92, 104, 40, 60, 84, 16, 128, 68, 32, 112, 144, 52, 48, 96, 100, 156, 168, 88, 12, 4, 5, 139, 117, 27, 169, 155, 101, 95, 49, 15, 129, 67, 77, 23, 173, 83, 61, 135, 121, 75, 69, 127, 17, 179, 145, 51, 13, 131, 65, 79, 177, 147, 109, 87, 57, 43, 21, 175, 149, 107, 37, 159, 165, 91, 9, 55, 141, 115, 81, 63, 133, 123, 73, 71, 125, 19, 45, 151, 105, 39, 157, 99, 97, 47, 53, 11, 89, 167, 29, 35, 161, 163, 93, 7, 137, 119, 25, 171, 153, 103, 41, 59, 85, 111]

180
[174, 22, 122, 74, 26, 10, 134, 62, 38, 158, 98, 2, 14, 50, 146, 110, 86, 170, 154, 102, 42, 58, 138, 118, 78, 178, 18, 82, 114, 142, 54, 46, 150, 106, 90, 166, 30, 70, 126, 130, 66, 34, 162, 94, 6, 3, 97, 47, 53, 143, 113, 31, 69, 75, 121, 135, 61, 39, 157, 167, 89, 55, 141, 115, 29, 71, 125, 19, 81, 175, 149, 107, 37, 159, 165, 91, 105, 151, 45, 99, 1, 63, 133, 11, 25, 171, 153, 103, 41, 155, 169, 87, 57, 43, 101, 95, 161, 163, 93, 7, 9, 27, 73, 123, 21, 15, 49, 51, 145, 179, 77, 119, 137, 59, 85, 111, 33, 67, 129, 127, 17, 83, 173, 23, 13, 131, 65, 35, 109, 147, 177, 79, 117, 139, 5, 4, 140, 116, 80, 176, 20, 124, 72, 28, 36, 64, 132, 12, 24, 172, 84, 60, 136, 120, 76, 68, 128, 16, 180, 144, 112, 32, 164, 160, 96, 100, 156, 168, 88, 108, 148, 48, 52, 92, 8, 56, 44, 152, 104, 40]

181
[50, 14, 86, 110, 146, 178, 78, 22, 42, 58, 138, 118, 26, 170, 154, 102, 94, 162, 34, 66, 130, 126, 18, 46, 150, 174, 82, 114, 142, 54, 10, 6, 30, 70, 74, 122, 134, 62, 38, 106, 90, 166, 158, 98, 2, 7, 29, 167, 157, 99, 97, 47, 17, 179, 77, 119, 137, 59, 41, 103, 93, 51, 145, 111, 85, 15, 21, 175, 149, 107, 89, 11, 53, 143, 181, 75, 25, 171, 153, 43, 101, 155, 169, 87, 109, 147, 49, 95, 5, 4, 60, 84, 112, 32, 68, 128, 16, 20, 176, 80, 64, 36, 160, 164, 92, 104, 152, 172, 24, 40, 156, 168, 88, 108, 148, 48, 96, 100, 44, 56, 140, 116, 28, 72, 124, 132, 12, 52, 144, 180, 76, 120, 136, 8, 1, 3, 141, 115, 81, 63, 133, 123, 73, 71, 125, 131, 13, 23, 121, 135, 61, 39, 105, 151, 173, 83, 113, 31, 69, 127, 129, 67, 33, 163, 161, 35, 65, 79, 177, 19, 45, 55, 9, 91, 165, 159, 37, 27, 117, 139, 57]

182
[162, 34, 66, 130, 14, 50, 94, 102, 154, 42, 22, 174, 150, 106, 38, 26, 170, 86, 110, 146, 178, 78, 118, 138, 58, 6, 10, 134, 122, 74, 182, 142, 54, 90, 166, 158, 98, 46, 18, 126, 70, 30, 114, 82, 62, 2, 7, 9, 55, 141, 115, 29, 35, 109, 87, 13, 51, 49, 147, 177, 19, 81, 63, 133, 11, 25, 171, 153, 103, 93, 163, 161, 95, 101, 43, 57, 139, 117, 79, 65, 131, 125, 71, 73, 123, 21, 175, 149, 47, 97, 159, 165, 31, 5, 4, 96, 160, 164, 32, 68, 128, 16, 20, 176, 80, 116, 140, 56, 88, 12, 24, 172, 84, 112, 144, 180, 76, 120, 136, 60, 40, 104, 152, 44, 100, 156, 168, 28, 72, 124, 132, 64, 36, 108, 148, 48, 52, 92, 8, 1, 99, 45, 151, 173, 83, 113, 143, 53, 91, 105, 39, 157, 167, 89, 107, 37, 27, 169, 155, 41, 59, 85, 111, 145, 179, 17, 127, 69, 75, 181, 15, 129, 67, 33, 3, 61, 135, 121, 23, 77, 119, 137]

183
[61, 135, 121, 23, 41, 103, 93, 163, 161, 35, 109, 87, 169, 155, 101, 95, 49, 147, 177, 19, 125, 71, 73, 183, 141, 3, 6, 138, 58, 86, 170, 154, 102, 42, 22, 174, 82, 114, 30, 166, 90, 106, 150, 46, 18, 178, 146, 110, 34, 162, 94, 50, 14, 182, 142, 54, 10, 26, 118, 78, 66, 130, 126, 70, 74, 122, 134, 62, 38, 158, 98, 2, 7, 29, 115, 81, 63, 37, 107, 89, 167, 157, 39, 25, 119, 137, 59, 85, 171, 153, 43, 57, 139, 117, 27, 9, 55, 45, 99, 97, 159, 165, 91, 105, 151, 173, 83, 113, 31, 69, 75, 181, 15, 129, 127, 17, 179, 77, 67, 33, 111, 145, 51, 13, 131, 65, 79, 21, 175, 149, 47, 53, 143, 1, 8, 136, 120, 76, 180, 144, 52, 12, 24, 172, 152, 44, 56, 88, 108, 36, 160, 164, 92, 104, 40, 60, 84, 112, 32, 68, 128, 16, 20, 176, 148, 48, 96, 100, 156, 168, 28, 72, 124, 132, 64, 80, 116, 140, 4, 5, 11, 133, 123]

184
[167, 89, 55, 9, 91, 165, 159, 97, 47, 53, 11, 25, 119, 137, 7, 57, 87, 109, 147, 177, 19, 45, 99, 157, 39, 105, 151, 173, 83, 61, 135, 121, 75, 69, 31, 113, 143, 181, 15, 49, 95, 161, 163, 33, 111, 145, 179, 17, 127, 129, 67, 77, 23, 13, 51, 93, 103, 41, 59, 85, 171, 153, 43, 101, 155, 169, 27, 37, 107, 149, 175, 21, 123, 133, 63, 81, 115, 29, 35, 1, 8, 136, 120, 76, 180, 16, 128, 68, 32, 164, 92, 104, 152, 172, 24, 40, 156, 100, 44, 56, 140, 116, 80, 176, 20, 124, 132, 64, 36, 160, 96, 48, 148, 108, 88, 168, 28, 72, 184, 12, 52, 144, 112, 84, 60, 4, 5, 139, 117, 79, 65, 131, 125, 71, 73, 183, 141, 3, 6, 10, 134, 62, 2, 34, 162, 94, 50, 14, 182, 142, 54, 46, 98, 158, 166, 90, 106, 150, 174, 22, 122, 74, 70, 30, 114, 82, 18, 126, 130, 66, 78, 178, 146, 110, 86, 170, 154, 102, 42, 58, 138, 118, 26, 38]

185
[133, 123, 73, 183, 141, 55, 89, 11, 185, 71, 125, 19, 45, 99, 157, 167, 29, 115, 81, 63, 37, 107, 149, 175, 21, 79, 177, 147, 49, 51, 13, 131, 65, 35, 109, 87, 57, 7, 93, 103, 153, 43, 101, 95, 161, 163, 33, 67, 129, 15, 181, 143, 113, 83, 17, 127, 69, 31, 165, 159, 97, 47, 53, 91, 9, 135, 61, 39, 105, 151, 173, 23, 121, 75, 25, 171, 85, 111, 145, 179, 77, 119, 137, 59, 41, 155, 169, 27, 117, 139, 5, 4, 12, 132, 64, 80, 116, 140, 184, 72, 124, 20, 176, 148, 108, 36, 28, 168, 88, 56, 44, 100, 156, 40, 60, 136, 120, 24, 76, 68, 128, 16, 180, 144, 52, 48, 96, 160, 164, 32, 112, 84, 172, 152, 104, 92, 8, 1, 3, 6, 10, 134, 62, 2, 14, 50, 146, 178, 78, 118, 138, 58, 86, 110, 34, 162, 94, 102, 42, 154, 170, 26, 38, 106, 150, 174, 22, 122, 74, 182, 142, 54, 90, 166, 158, 98, 46, 18, 82, 114, 30, 70, 126, 130, 66]

186
[57, 139, 5, 4, 140, 116, 28, 36, 108, 148, 176, 20, 80, 64, 132, 124, 72, 184, 12, 24, 172, 84, 112, 32, 68, 128, 16, 48, 52, 144, 180, 76, 120, 136, 60, 40, 104, 152, 44, 56, 88, 168, 156, 100, 96, 160, 164, 92, 8, 1, 63, 133, 123, 73, 71, 185, 11, 89, 55, 45, 19, 125, 131, 65, 35, 161, 95, 101, 155, 169, 87, 109, 147, 177, 79, 117, 27, 37, 107, 149, 175, 81, 115, 29, 167, 157, 99, 97, 159, 165, 91, 53, 47, 17, 179, 145, 111, 85, 171, 153, 43, 21, 15, 49, 51, 13, 183, 141, 3, 6, 94, 162, 34, 66, 130, 126, 18, 178, 78, 118, 26, 38, 106, 150, 174, 22, 122, 134, 62, 82, 114, 30, 70, 74, 182, 142, 54, 46, 98, 158, 166, 90, 10, 186, 138, 58, 42, 102, 154, 170, 86, 110, 146, 50, 14, 2, 7, 9, 135, 61, 83, 113, 143, 181, 75, 121, 23, 77, 67, 129, 127, 69, 31, 33, 163, 93, 103, 41, 59, 137, 119, 25, 39, 105, 151, 173]

187
[67, 33, 111, 145, 51, 49, 95, 161, 163, 93, 103, 153, 171, 25, 119, 77, 179, 17, 83, 61, 135, 121, 75, 181, 143, 113, 31, 69, 127, 129, 15, 85, 59, 5, 4, 96, 100, 156, 168, 28, 116, 140, 184, 72, 124, 132, 12, 52, 48, 16, 128, 68, 76, 180, 144, 112, 32, 164, 160, 36, 64, 80, 20, 176, 148, 108, 88, 56, 44, 152, 172, 84, 60, 136, 120, 24, 40, 104, 92, 8, 1, 99, 97, 47, 53, 11, 89, 107, 149, 175, 21, 123, 133, 63, 81, 115, 29, 167, 157, 39, 105, 91, 165, 159, 37, 27, 169, 155, 41, 23, 173, 151, 45, 55, 9, 187, 137, 7, 2, 98, 46, 54, 142, 114, 30, 70, 186, 138, 58, 86, 170, 154, 102, 42, 22, 122, 74, 182, 14, 50, 94, 162, 34, 110, 146, 178, 18, 126, 130, 66, 78, 118, 26, 38, 158, 166, 90, 106, 150, 174, 82, 62, 134, 10, 6, 3, 141, 183, 73, 71, 185, 139, 117, 79, 65, 35, 109, 147, 177, 19, 125, 131, 13, 87, 57, 43, 101]

188
[113, 143, 181, 15, 21, 175, 81, 19, 177, 147, 49, 95, 161, 163, 33, 31, 165, 159, 97, 99, 157, 167, 29, 115, 141, 3, 6, 138, 186, 10, 54, 90, 166, 30, 114, 82, 62, 134, 122, 74, 70, 126, 130, 66, 78, 118, 26, 170, 154, 102, 42, 58, 86, 110, 34, 162, 94, 50, 146, 178, 18, 46, 98, 158, 38, 106, 150, 174, 22, 14, 182, 142, 2, 7, 57, 87, 109, 35, 1, 8, 188, 136, 120, 76, 68, 128, 16, 180, 144, 112, 32, 164, 160, 36, 108, 148, 176, 20, 124, 132, 64, 80, 116, 140, 184, 72, 28, 168, 156, 100, 44, 56, 88, 12, 24, 40, 60, 84, 172, 152, 104, 92, 52, 48, 96, 4, 5, 139, 117, 79, 65, 131, 125, 71, 185, 11, 53, 91, 105, 39, 25, 171, 153, 43, 101, 155, 169, 27, 37, 63, 133, 123, 73, 183, 13, 51, 93, 103, 41, 23, 121, 75, 69, 187, 9, 135, 61, 83, 173, 151, 45, 55, 89, 107, 149, 47, 17, 127, 129, 67, 77, 179, 145, 111, 85, 59, 137, 119]

189
[5, 4, 96, 160, 36, 64, 132, 12, 52, 144, 180, 76, 24, 120, 136, 60, 40, 104, 92, 164, 32, 112, 84, 172, 152, 44, 100, 156, 168, 28, 116, 80, 176, 20, 124, 72, 184, 140, 56, 88, 108, 148, 48, 16, 128, 68, 188, 8, 1, 143, 113, 31, 165, 159, 37, 63, 81, 115, 29, 167, 157, 39, 61, 83, 173, 23, 77, 179, 145, 111, 33, 163, 93, 103, 153, 43, 57, 7, 189, 67, 129, 127, 69, 187, 9, 135, 121, 75, 181, 15, 85, 171, 25, 119, 137, 59, 41, 155, 101, 95, 161, 35, 109, 87, 169, 27, 117, 139, 185, 71, 125, 131, 65, 79, 21, 175, 149, 107, 89, 55, 141, 183, 73, 123, 133, 11, 53, 91, 105, 151, 45, 99, 97, 47, 17, 19, 177, 147, 49, 51, 13, 3, 6, 30, 114, 142, 182, 14, 50, 94, 162, 34, 66, 130, 126, 18, 82, 174, 150, 106, 90, 166, 158, 38, 26, 74, 70, 186, 10, 54, 46, 98, 2, 62, 134, 122, 22, 78, 118, 138, 58, 42, 102, 154, 170, 86, 110, 146, 178]

190
[29, 115, 141, 183, 13, 3, 6, 138, 118, 78, 178, 18, 46, 98, 158, 166, 30, 114, 82, 62, 38, 106, 150, 174, 22, 122, 134, 190, 66, 130, 126, 70, 186, 10, 90, 54, 142, 182, 74, 26, 170, 86, 58, 42, 154, 102, 94, 162, 34, 110, 146, 50, 14, 2, 7, 9, 55, 45, 99, 157, 167, 89, 107, 37, 27, 169, 155, 41, 59, 137, 187, 69, 127, 17, 83, 113, 31, 33, 163, 161, 35, 109, 87, 57, 43, 101, 95, 5, 4, 140, 56, 44, 20, 176, 80, 116, 28, 168, 88, 108, 148, 48, 52, 92, 164, 32, 112, 144, 180, 16, 128, 68, 76, 120, 24, 12, 184, 72, 124, 132, 64, 36, 160, 96, 100, 156, 40, 104, 152, 172, 84, 60, 136, 188, 8, 1, 63, 133, 123, 73, 71, 125, 131, 65, 79, 21, 15, 129, 67, 189, 135, 61, 39, 25, 119, 77, 179, 145, 111, 85, 171, 153, 103, 93, 51, 49, 147, 177, 19, 81, 175, 149, 47, 97, 159, 165, 91, 105, 151, 173, 23, 121, 75, 181, 143, 53, 11, 185, 139, 117]

191
[168, 88, 108, 148, 176, 80, 20, 44, 100, 156, 40, 60, 136, 188, 68, 128, 16, 84, 112, 144, 180, 76, 120, 24, 172, 152, 104, 92, 8, 56, 140, 116, 28, 36, 64, 132, 124, 72, 184, 12, 52, 48, 96, 160, 164, 32, 4, 5, 191, 65, 131, 125, 71, 29, 115, 81, 175, 149, 47, 53, 91, 165, 159, 97, 99, 157, 167, 89, 107, 37, 63, 133, 123, 73, 183, 141, 55, 9, 187, 69, 127, 129, 67, 33, 31, 113, 143, 181, 75, 121, 23, 173, 83, 17, 179, 77, 119, 137, 59, 85, 111, 145, 51, 13, 87, 57, 139, 185, 11, 25, 171, 153, 43, 21, 79, 117, 27, 169, 155, 41, 103, 93, 163, 161, 35, 109, 147, 177, 19, 45, 151, 105, 39, 61, 135, 189, 7, 2, 98, 46, 150, 174, 22, 122, 74, 182, 142, 54, 90, 106, 38, 158, 166, 30, 114, 82, 62, 134, 190, 66, 130, 14, 50, 146, 110, 34, 162, 94, 102, 154, 42, 58, 86, 170, 26, 10, 186, 70, 126, 18, 178, 78, 118, 138, 6, 3, 1, 15, 49, 95, 101]

192
[51, 93, 103, 153, 43, 57, 139, 117, 79, 177, 19, 125, 71, 185, 11, 133, 123, 73, 183, 141, 55, 45, 99, 157, 39, 61, 83, 113, 31, 165, 159, 37, 63, 81, 115, 29, 167, 89, 107, 149, 175, 21, 15, 181, 75, 69, 187, 137, 119, 25, 171, 85, 59, 41, 155, 101, 95, 49, 147, 109, 35, 161, 163, 33, 111, 145, 179, 77, 23, 121, 135, 189, 67, 129, 127, 17, 47, 97, 3, 6, 190, 134, 62, 38, 158, 98, 46, 54, 10, 186, 138, 118, 26, 170, 154, 102, 42, 58, 86, 110, 146, 50, 94, 162, 34, 66, 130, 14, 182, 74, 122, 22, 78, 178, 18, 126, 70, 30, 166, 90, 106, 150, 174, 82, 114, 142, 2, 7, 9, 27, 169, 87, 13, 131, 65, 191, 5, 4, 192, 132, 12, 88, 168, 28, 116, 80, 64, 36, 108, 148, 176, 20, 124, 72, 184, 140, 56, 44, 100, 156, 40, 60, 84, 112, 32, 68, 128, 16, 180, 144, 52, 48, 96, 160, 164, 92, 104, 152, 172, 24, 76, 120, 136, 188, 8, 1, 143, 53, 91, 105, 151, 173]

193
[177, 147, 109, 87, 169, 27, 117, 79, 21, 123, 73, 183, 141, 115, 29, 167, 157, 99, 97, 47, 53, 143, 113, 83, 61, 39, 105, 91, 165, 159, 37, 107, 149, 175, 81, 19, 125, 71, 185, 139, 57, 43, 153, 171, 25, 119, 137, 59, 85, 15, 181, 75, 121, 135, 9, 187, 69, 31, 33, 111, 145, 51, 49, 95, 101, 155, 41, 103, 93, 163, 161, 35, 65, 191, 5, 4, 140, 116, 80, 176, 148, 108, 36, 64, 192, 132, 124, 20, 44, 56, 88, 168, 156, 100, 96, 160, 164, 32, 112, 144, 180, 76, 120, 136, 188, 68, 128, 16, 48, 52, 92, 104, 152, 172, 84, 60, 40, 24, 12, 184, 72, 28, 8, 1, 63, 133, 11, 89, 55, 45, 151, 173, 23, 13, 131, 193, 3, 6, 190, 66, 130, 126, 70, 30, 34, 162, 94, 50, 146, 110, 86, 58, 138, 186, 10, 134, 62, 38, 106, 150, 174, 82, 114, 142, 54, 90, 166, 158, 98, 46, 18, 178, 78, 118, 26, 170, 154, 102, 42, 22, 122, 74, 182, 14, 2, 7, 189, 67, 129, 127, 17, 179, 77]

194
[93, 163, 161, 95, 49, 51, 145, 111, 33, 31, 113, 83, 173, 23, 121, 75, 69, 127, 129, 67, 189, 135, 61, 39, 25, 119, 77, 179, 17, 47, 149, 175, 21, 43, 101, 155, 169, 27, 117, 79, 177, 147, 109, 87, 13, 183, 141, 115, 81, 19, 125, 131, 193, 63, 37, 107, 89, 167, 157, 99, 97, 159, 165, 91, 105, 151, 45, 55, 9, 187, 137, 59, 41, 103, 153, 171, 85, 15, 181, 143, 53, 11, 133, 123, 73, 71, 29, 35, 65, 191, 5, 4, 96, 48, 16, 128, 68, 188, 136, 60, 84, 172, 152, 104, 40, 24, 120, 76, 180, 144, 112, 32, 164, 160, 36, 108, 148, 176, 20, 44, 100, 156, 168, 28, 116, 80, 64, 192, 132, 124, 72, 184, 140, 56, 88, 12, 52, 92, 8, 1, 3, 6, 190, 66, 34, 162, 94, 50, 14, 86, 110, 146, 178, 18, 46, 54, 142, 182, 74, 70, 126, 130, 194, 62, 134, 122, 22, 78, 118, 26, 170, 154, 102, 42, 58, 138, 186, 10, 90, 166, 30, 114, 82, 174, 150, 106, 38, 158, 98, 2, 7, 57, 139, 185]

195
[132, 192, 64, 80, 176, 148, 48, 96, 160, 164, 32, 68, 128, 16, 20, 124, 72, 184, 140, 116, 28, 36, 108, 88, 168, 156, 100, 44, 56, 8, 188, 136, 60, 40, 24, 120, 76, 180, 144, 112, 84, 172, 152, 104, 92, 52, 12, 4, 5, 11, 185, 71, 125, 19, 177, 147, 109, 35, 161, 163, 93, 103, 153, 43, 57, 139, 117, 79, 21, 175, 81, 115, 141, 183, 73, 123, 133, 191, 65, 131, 193, 3, 6, 58, 42, 102, 154, 170, 86, 14, 50, 94, 162, 34, 110, 146, 178, 78, 66, 190, 134, 10, 54, 90, 106, 150, 174, 22, 122, 74, 182, 142, 114, 30, 166, 158, 98, 46, 18, 82, 62, 38, 26, 118, 138, 186, 70, 126, 130, 194, 2, 7, 29, 167, 157, 39, 105, 151, 173, 83, 113, 31, 69, 127, 129, 195, 61, 135, 189, 67, 33, 111, 145, 51, 13, 87, 169, 155, 101, 95, 49, 15, 181, 75, 121, 23, 41, 59, 137, 187, 9, 27, 37, 63, 1, 143, 53, 91, 165, 159, 97, 99, 45, 55, 89, 107, 149, 47, 17, 179, 77, 119, 25, 171, 85]

