9n+4 for odd n:
[1, 3, 13, 12, 4, 5, 11, 38, 106, 119, 25, 24, 40, 104, 121, 48, 'T-3', 'RT3', 42, 7, 114, 111, 33, 31, 113, 112, 9, 27, 117, 108, 36, 45, 'RT4', 41, 23, 2, 47, 'T-2', 'T0', 28, 116, 109, 35, 46, 'T-1', 29, 115, 110, 34, 30, 6, 43, 'T2', 'T-4', 32, 49, 120, 105, 39, 10, 26, 118, 107, 37, 44, 'T1', 8]
[1, 3, 13, 12, 4, 5, 11, 38, 106, 119, 25, 'RT3', 42, 7, 9, 27, 117, 108, 36, 45, 'T0', 49, 120, 105, 39, 10, 6, 43, 'T2', 'RT-2', 47, 2, 23, 41, 'L4', 44, 37, 107, 118, 26, 'T-4', 32, 112, 113, 31, 'RT-3', 'T1', 8, 28, 116, 109, 35, 46, 'T-1', 29, 115, 110, 34, 30, 114, 111, 33, 48, 121, 104, 40, 24]

9n+4 for even n:
[1, 3, 13, 12, 4, 5, 11, 110, 'RT2', 'T-4', 36, 45, 'T0', 108, 117, 27, 37, 107, 118, 26, 10, 111, 114, 30, 6, 115, 29, 35, 46, 'T-1', 39, 105, 'RT-3', 25, 119, 106, 38, 43, 'RT3', 42, 7, 'RT-2', 47, 34, 2, 23, 41, 'T4', 44, 'T1', 109, 116, 28, 8, 113, 31, 33, 48, 121, 104, 40, 9, 112, 32, 49, 120, 24]
[1, 3, 13, 12, 4, 5, 11, 110, 'RT2', 'RL-4', 49, 32, 112, 9, 40, 104, 121, 23, 41, 'T4', 44, 'T1', 10, 111, 114, 30, 6, 115, 29, 7, 2, 34, 47, 'T-2', 106, 119, 25, 24, 120, 105, 39, 42, 'T3', 43, 38, 26, 118, 107, 'RT-1', 46, 35, 109, 116, 28, 36, 45, 'T0', 108, 117, 27, 37, 'RT-3', 48, 33, 31, 113, 8]

9n+5 for odd n:
[1, 3, 13, 12, 4, 5, 11, 38, 106, 119, 25, 'RT3', 42, 39, 105, 120, 49, 'RT0', 45, 36, 108, 117, 27, 9, 40, 104, 121, 48, 'T-3', 'T1', 8, 28, 116, 109, 35, 46, 'T-1', 10, 26, 118, 107, 37, 44, 'RL4', 41, 23, 2, 47, 34, 110, 115, 29, 7, 114, 111, 33, 31, 113, 112, 32, 'RT-4', 'RT2', 43, 6, 30, 'RT-2', 24]
[1, 3, 13, 12, 4, 5, 11, 38, 106, 119, 25, 24, 'T-2', 30, 114, 111, 33, 48, 121, 104, 40, 9, 27, 117, 108, 36, 45, 'T0', 49, 120, 105, 39, 42, 'L3', 43, 6, 10, 26, 118, 107, 37, 44, 'RL4', 41, 23, 2, 47, 34, 110, 115, 29, 7, 'RT2', 'T-4', 32, 112, 113, 31, 'RT-3', 'T1', 'RT-1', 46, 35, 109, 116, 28, 8]

9n+5 for even n:
[1, 3, 13, 12, 4, 5, 11, 'RT2', 'L-4', 32, 49, 120, 105, 39, 42, 'T3', 43, 38, 106, 119, 25, 24, 'T-2', 7, 29, 35, 46, 'T-1', 107, 118, 26, 10, 111, 114, 30, 6, 115, 110, 34, 47, 2, 23, 121, 104, 40, 41, 'T4', 112, 9, 27, 117, 108, 'RT0', 45, 36, 28, 116, 109, 'RT1', 44, 37, 'RT-3', 48, 33, 31, 113, 8]
[1, 3, 13, 12, 4, 5, 11, 'RT2', 'L-4', 32, 49, 120, 105, 39, 10, 'RT1', 44, 37, 107, 118, 26, 38, 106, 'RT-2', 47, 34, 110, 115, 29, 7, 42, 'T3', 43, 6, 30, 114, 111, 33, 48, 'L-3', 31, 113, 8, 'RT-1', 46, 35, 109, 116, 28, 36, 45, 'T0', 108, 117, 27, 9, 112, 'RT4', 41, 40, 104, 121, 23, 2, 119, 25, 24]

9n+6 for odd n:
[1, 3, 13, 12, 4, 5, 11, 110, 34, 47, 'RT2', 'T-4', 32, 49, 120, 105, 39, 42, 'L3', 43, 6, 115, 29, 7, 2, 23, 41, 'L4', 44, 37, 107, 118, 26, 38, 106, 119, 25, 24, 'T-2', 30, 114, 111, 10, 'RT-1', 46, 35, 109, 116, 28, 'RT0', 45, 36, 108, 117, 27, 'RT1', 'T-3', 31, 33, 48, 121, 104, 40, 9, 112, 113, 8]
[1, 3, 13, 12, 4, 5, 11, 'RL2', 'T-4', 32, 49, 120, 105, 39, 42, 'L3', 43, 6, 10, 'RT-1', 46, 35, 109, 116, 28, 'RT0', 45, 36, 108, 117, 27, 9, 40, 104, 121, 48, 'T-3', 31, 33, 111, 114, 30, 'RT-2', 47, 34, 110, 115, 29, 7, 2, 23, 41, 'L4', 112, 113, 8, 'RT1', 44, 37, 107, 118, 26, 38, 106, 119, 25, 24]

9n+6 for even n:
[1, 3, 13, 12, 4, 5, 11, 110, 34, 30, 6, 115, 29, 7, 114, 111, 33, 48, 121, 104, 40, 9, 27, 117, 108, 'RT0', 45, 36, 28, 116, 109, 35, 46, 'T-1', 8, 113, 31, 'RL-3', 25, 119, 2, 47, 'T-2', 106, 38, 43, 'RT3', 42, 'RT2', 'RL-4', 49, 32, 112, 'RT4', 41, 23, 26, 118, 107, 37, 44, 'T1', 10, 39, 105, 120, 24]
[1, 3, 13, 12, 4, 5, 11, 110, 34, 30, 'RL-2', 47, 2, 119, 106, 38, 43, 'RT3', 42, 'RT2', 'RL-4', 49, 32, 112, 'RT4', 41, 23, 26, 118, 107, 37, 44, 'T1', 10, 6, 115, 29, 7, 114, 111, 33, 48, 121, 104, 40, 9, 27, 117, 108, 'RT0', 45, 36, 28, 116, 109, 35, 46, 'T-1', 39, 105, 120, 24, 25, 'L-3', 31, 113, 8]

9n+7 for odd n:
[1, 3, 13, 12, 4, 5, 11, 38, 106, 119, 25, 'T-3', 31, 33, 48, 121, 104, 40, 9, 27, 117, 108, 36, 45, 'T0', 49, 32, 'RT-4', 'L2', 110, 34, 30, 'RT-2', 47, 2, 23, 41, 'L4', 112, 113, 8, 28, 116, 109, 35, 46, 'T-1', 'RT1', 44, 37, 107, 118, 26, 10, 111, 114, 7, 29, 115, 6, 43, 'RL3', 42, 39, 105, 120, 24]
[1, 3, 13, 12, 4, 5, 11, 'RT-2', 47, 2, 7, 114, 30, 34, 110, 'RL2', 'T-4', 32, 49, 'RT0', 45, 36, 108, 117, 27, 9, 40, 104, 121, 23, 41, 'L4', 112, 113, 31, 'RT-3', 48, 33, 111, 10, 'RT-1', 46, 35, 29, 115, 6, 43, 'RL3', 42, 39, 105, 120, 24, 25, 119, 106, 38, 26, 118, 107, 37, 44, 'L1', 109, 116, 28, 8]

9n+7 for even n:
[1, 3, 13, 12, 4, 5, 11, 'RL-2', 47, 34, 110, 115, 29, 35, 46, 'T-1', 39, 105, 120, 49, 32, 'RL-4', 'T2', 42, 'T3', 43, 38, 106, 119, 25, 24, 40, 104, 121, 23, 2, 7, 9, 27, 117, 108, 'RT0', 45, 36, 28, 116, 109, 'RT1', 44, 37, 107, 118, 26, 10, 6, 30, 114, 111, 33, 48, 'L-3', 31, 113, 112, 'RT4', 41, 8]
[1, 3, 13, 12, 4, 5, 11, 38, 106, 119, 25, 39, 105, 120, 49, 32, 112, 'RT4', 41, 8, 113, 31, 'RL-3', 48, 33, 111, 114, 30, 'RL-2', 47, 34, 110, 115, 29, 35, 46, 'L-1', 10, 6, 43, 'RT3', 42, 'RT2', 'RL-4', 26, 118, 107, 37, 44, 'T1', 109, 116, 28, 36, 45, 'T0', 108, 117, 27, 9, 7, 2, 23, 121, 104, 40, 24]

9n+8 for odd n:
[1, 3, 13, 12, 4, 5, 11, 38, 106, 119, 25, 24, 40, 104, 121, 23, 2, 47, 'T-2', 30, 34, 110, 115, 6, 43, 'L2', 42, 'L3', 111, 114, 7, 29, 'RT-1', 46, 35, 109, 116, 28, 'RT0', 45, 36, 108, 117, 27, 9, 112, 32, 'RT-4', 49, 120, 105, 39, 10, 26, 118, 107, 37, 44, 'RL4', 41, 'RL1', 'RT-3', 48, 33, 31, 113, 8]
[1, 3, 13, 12, 4, 5, 11, 38, 106, 119, 2, 47, 'T-2', 30, 34, 110, 115, 6, 43, 'L2', 42, 'L3', 111, 114, 7, 29, 'RT-1', 46, 35, 109, 116, 28, 8, 113, 31, 33, 48, 'T-3', 'L1', 10, 26, 118, 107, 37, 44, 'RL4', 41, 23, 121, 104, 40, 'RL0', 45, 36, 108, 117, 27, 9, 112, 32, 'RT-4', 49, 120, 105, 39, 25, 24]

9n+8 for even n:
[1, 3, 13, 12, 4, 5, 11, 25, 119, 106, 38, 26, 118, 107, 37, 44, 'RT4', 41, 23, 2, 34, 47, 'L-2', 30, 114, 7, 29, 35, 46, 'L-1', 10, 111, 33, 31, 113, 8, 28, 116, 109, 'RT1', 'RL-3', 48, 121, 104, 40, 'RT0', 45, 36, 108, 117, 27, 9, 112, 32, 49, 'L-4', 'T2', 110, 115, 6, 43, 'RT3', 42, 39, 105, 120, 24]
[1, 3, 13, 12, 4, 5, 11, 'RL-2', 47, 34, 2, 23, 41, 'T4', 44, 37, 107, 118, 26, 38, 106, 119, 25, 39, 105, 120, 24, 40, 104, 121, 48, 'L-3', 'T1', 10, 'RL-1', 46, 35, 109, 116, 28, 'RL0', 45, 36, 108, 117, 27, 9, 112, 32, 49, 'L-4', 'T2', 110, 115, 29, 7, 42, 'T3', 43, 6, 30, 114, 111, 33, 31, 113, 8]

9n+9 for odd n:
[1, 3, 13, 12, 4, 5, 11, 38, 106, 119, 25, 39, 105, 120, 49, 32, 'RT-4', 'L2', 42, 'L3', 43, 6, 115, 110, 34, 47, 'T-2', 30, 114, 111, 10, 'RT-1', 46, 35, 29, 7, 2, 23, 26, 118, 107, 37, 44, 'RL4', 41, 8, 113, 112, 9, 27, 117, 108, 'RL0', 45, 36, 28, 116, 109, 'RL1', 'T-3', 31, 33, 48, 121, 104, 40, 24]
[1, 3, 13, 12, 4, 5, 11, 110, 115, 6, 10, 111, 114, 7, 29, 35, 46, 'L-1', 39, 105, 120, 49, 32, 'RT-4', 'L2', 42, 'L3', 43, 38, 106, 119, 25, 24, 'T-2', 30, 34, 47, 2, 23, 26, 118, 107, 37, 44, 'RL4', 41, 40, 104, 121, 48, 33, 31, 'RT-3', 'L1', 109, 116, 28, 36, 45, 'L0', 108, 117, 27, 9, 112, 113, 8]

9n+9 for even n:
[1, 3, 13, 12, 4, 5, 11, 38, 106, 119, 25, 24, 120, 105, 39, 42, 'T3', 43, 6, 115, 29, 35, 46, 'L-1', 10, 111, 33, 48, 'L-3', 31, 113, 112, 9, 7, 114, 30, 'RL-2', 47, 2, 34, 110, 'RT2', 'L-4', 32, 49, 'RL0', 45, 36, 108, 117, 27, 37, 107, 118, 26, 23, 121, 104, 40, 41, 'T4', 44, 'T1', 109, 116, 28, 8]
[1, 3, 13, 12, 4, 5, 11, 38, 106, 119, 25, 'L-3', 31, 113, 8, 28, 116, 109, 35, 46, 'L-1', 10, 111, 33, 48, 'RL1', 44, 37, 107, 118, 26, 23, 121, 104, 40, 41, 'T4', 112, 9, 27, 117, 108, 36, 45, 'L0', 49, 32, 'RL-4', 'T2', 110, 34, 2, 47, 'L-2', 30, 114, 7, 29, 115, 6, 43, 'RT3', 42, 39, 105, 120, 24]

9n+10 for odd n:
[1, 3, 13, 12, 4, 5, 11, 38, 106, 119, 25, 24, 40, 104, 121, 48, 'T-3', 31, 33, 111, 114, 30, 'RT-2', 47, 34, 110, 115, 29, 35, 46, 'L-1', 39, 105, 120, 49, 32, 'RT-4', 'L2', 42, 'L3', 43, 6, 10, 26, 118, 107, 37, 44, 'L1', 109, 116, 28, 36, 45, 'L0', 108, 117, 27, 9, 7, 2, 23, 41, 'L4', 112, 113, 8]
[1, 3, 13, 12, 4, 5, 11, 110, 115, 29, 7, 'RL-2', 47, 34, 2, 23, 41, 'L4', 112, 113, 8, 'RL-1', 46, 35, 109, 116, 28, 36, 45, 'L0', 108, 117, 27, 9, 40, 104, 121, 48, 'T-3', 31, 33, 111, 114, 30, 6, 43, 'RL3', 42, 'RL2', 'T-4', 32, 49, 120, 105, 39, 10, 'RL1', 44, 37, 107, 118, 26, 38, 106, 119, 25, 24]

9n+10 for even n:
[1, 3, 13, 12, 4, 5, 11, 'RT2', 'L-4', 32, 49, 'RL0', 45, 36, 108, 117, 27, 9, 40, 104, 121, 23, 41, 'T4', 112, 113, 8, 28, 116, 109, 35, 46, 'L-1', 29, 7, 114, 30, 'RL-2', 47, 2, 34, 110, 115, 6, 43, 38, 106, 119, 25, 'L-3', 31, 33, 48, 'RL1', 44, 37, 107, 118, 26, 10, 111, 'RT3', 42, 39, 105, 120, 24]
[1, 3, 13, 12, 4, 5, 11, 38, 106, 119, 25, 24, 120, 105, 39, 42, 'T3', 43, 6, 30, 114, 7, 29, 115, 110, 34, 2, 47, 'L-2', 'RL2', 'L-4', 32, 49, 'RL0', 45, 36, 108, 117, 27, 9, 40, 104, 121, 23, 41, 'T4', 112, 113, 31, 'RL-3', 48, 33, 111, 10, 26, 118, 107, 37, 44, 'L1', 'RL-1', 46, 35, 109, 116, 28, 8]

9n+11 for odd n:
[1, 3, 13, 12, 4, 5, 11, 110, 'RL2', 43, 'RL3', 42, 39, 105, 120, 49, 'T-4', 32, 112, 9, 40, 104, 121, 23, 41, 'L4', 44, 'L1', 10, 6, 115, 29, 7, 'RL-2', 47, 2, 34, 30, 114, 111, 33, 48, 'T-3', 31, 113, 8, 'RL-1', 46, 35, 109, 116, 28, 36, 45, 'L0', 108, 117, 27, 37, 107, 118, 26, 38, 106, 119, 25, 24]
[1, 3, 13, 12, 4, 5, 11, 110, 'RL2', 43, 38, 26, 118, 107, 37, 'RL-3', 48, 33, 31, 113, 112, 32, 'RT-4', 49, 120, 105, 39, 42, 'L3', 111, 114, 30, 34, 2, 47, 'L-2', 106, 119, 25, 24, 40, 104, 121, 23, 41, 'L4', 44, 'L1', 10, 6, 115, 29, 7, 9, 27, 117, 108, 'RL0', 45, 36, 28, 116, 109, 35, 46, 'L-1', 8]

9n+11 for even n:
[1, 3, 13, 12, 4, 5, 11, 38, 106, 119, 25, 24, 'L-2', 30, 6, 10, 'RL-1', 46, 35, 109, 116, 28, 'RL0', 45, 36, 108, 117, 27, 37, 107, 118, 26, 'L-4', 32, 49, 120, 105, 39, 42, 'T3', 43, 'L2', 47, 2, 34, 110, 115, 29, 7, 114, 111, 33, 31, 'RL-3', 48, 'RL1', 44, 'RT4', 41, 23, 121, 104, 40, 9, 112, 113, 8]
[1, 3, 13, 12, 4, 5, 11, 38, 106, 119, 25, 39, 105, 120, 49, 32, 'RL-4', 26, 118, 107, 37, 27, 117, 108, 36, 45, 'L0', 9, 112, 113, 8, 28, 116, 109, 35, 46, 'L-1', 10, 6, 43, 'L2', 47, 'L-2', 30, 114, 111, 33, 31, 'RL-3', 48, 'RL1', 44, 'RT4', 41, 23, 2, 34, 110, 115, 29, 7, 42, 'L3', 121, 104, 40, 24]

9n+12 for odd n:
[1, 3, 13, 12, 4, 5, 11, 38, 43, 'RL3', 42, 7, 29, 35, 46, 'L-1', 39, 105, 120, 24, 25, 119, 106, 'RL-2', 47, 2, 34, 30, 114, 111, 10, 26, 118, 107, 37, 27, 117, 108, 'RL0', 45, 36, 28, 116, 109, 'RL1', 44, 'RL4', 41, 23, 121, 104, 40, 9, 112, 32, 49, 'T-4', 'L2', 110, 115, 6, 'RL-3', 48, 33, 31, 113, 8]
[1, 3, 13, 12, 4, 5, 11, 110, 115, 29, 7, 'RL-2', 47, 2, 34, 30, 114, 111, 10, 'RL1', 44, 'RL4', 41, 23, 121, 104, 40, 9, 112, 32, 49, 120, 105, 39, 'RL-1', 46, 35, 109, 116, 28, 8, 113, 31, 33, 48, 'L-3', 6, 43, 'RL3', 42, 'RL2', 'L-4', 36, 45, 'L0', 108, 117, 27, 37, 107, 118, 26, 38, 106, 119, 25, 24]

9n+12 for even n:
[1, 3, 13, 12, 4, 5, 11, 110, 115, 29, 'RL-1', 46, 35, 109, 116, 28, 8, 41, 'T4', 44, 'L1', 48, 33, 111, 114, 7, 42, 'L3', 6, 30, 34, 47, 2, 23, 121, 104, 40, 9, 'RL0', 45, 36, 108, 117, 27, 37, 107, 118, 26, 10, 39, 105, 120, 49, 'L-4', 32, 112, 113, 31, 'RL-3', 25, 119, 106, 38, 43, 'L2', 'RL-2', 24]
[1, 3, 13, 12, 4, 5, 11, 110, 115, 6, 30, 34, 47, 2, 23, 41, 'L4', 24, 'L-2', 'RL2', 43, 38, 106, 119, 25, 'L-3', 'RL3', 42, 39, 105, 120, 49, 'L-4', 32, 112, 113, 31, 33, 48, 121, 104, 40, 9, 'RL0', 45, 36, 108, 117, 27, 'RL1', 44, 37, 107, 118, 26, 10, 111, 114, 7, 29, 'RL-1', 46, 35, 109, 116, 28, 8]

