1
[1]

15
[8, 1, 15, 10, 6, 3, 13, 12, 4, 5, 11, 14, 2, 7, 9]

16
[16, 9, 7, 2, 14, 11, 5, 4, 12, 13, 3, 6, 10, 15, 1, 8]

17
[17, 8, 1, 15, 10, 6, 3, 13, 12, 4, 5, 11, 14, 2, 7, 9, 16]

23
[18, 7, 2, 23, 13, 12, 4, 21, 15, 10, 6, 19, 17, 8, 1, 3, 22, 14, 11, 5, 20, 16, 9]

25
[4, 21, 15, 10, 6, 19, 17, 8, 1, 3, 22, 14, 2, 23, 13, 12, 24, 25, 11, 5, 20, 16, 9, 7, 18]

26
[11, 25, 24, 12, 13, 3, 22, 14, 2, 23, 26, 10, 6, 19, 17, 8, 1, 15, 21, 4, 5, 20, 16, 9, 7, 18]

27
[19, 17, 8, 1, 15, 21, 4, 5, 20, 16, 9, 27, 22, 3, 6, 10, 26, 23, 13, 12, 24, 25, 11, 14, 2, 7, 18]

28
[18, 7, 2, 23, 26, 10, 6, 19, 17, 8, 28, 21, 15, 1, 24, 25, 11, 14, 22, 27, 9, 16, 20, 5, 4, 12, 13, 3]

29
[13, 12, 4, 5, 11, 25, 24, 1, 3, 6, 19, 17, 8, 28, 21, 15, 10, 26, 23, 2, 14, 22, 27, 9, 16, 20, 29, 7, 18]

30
[26, 10, 15, 21, 28, 8, 17, 19, 30, 6, 3, 1, 24, 25, 11, 5, 4, 12, 13, 23, 2, 14, 22, 27, 9, 16, 20, 29, 7, 18]

31
[6, 30, 19, 17, 8, 28, 21, 4, 12, 13, 3, 22, 14, 2, 23, 26, 10, 15, 1, 24, 25, 11, 5, 31, 18, 7, 29, 20, 16, 9, 27]

32
[30, 19, 6, 10, 26, 23, 2, 14, 11, 25, 24, 1, 15, 21, 28, 8, 17, 32, 4, 5, 31, 18, 7, 29, 20, 16, 9, 27, 22, 3, 13, 12]

33
[12, 13, 3, 6, 30, 19, 17, 32, 4, 5, 20, 29, 7, 18, 31, 33, 16, 9, 27, 22, 14, 11, 25, 24, 1, 8, 28, 21, 15, 10, 26, 23, 2]

34
[12, 24, 25, 11, 5, 4, 32, 17, 19, 30, 6, 10, 26, 23, 13, 3, 1, 8, 28, 21, 15, 34, 2, 14, 22, 27, 9, 7, 18, 31, 33, 16, 20, 29]

35
[15, 21, 28, 8, 1, 35, 29, 7, 18, 31, 33, 3, 13, 12, 24, 25, 11, 14, 22, 27, 9, 16, 20, 5, 4, 32, 17, 19, 30, 34, 2, 23, 26, 10, 6]

36
[2, 23, 26, 10, 6, 19, 30, 34, 15, 21, 28, 36, 13, 12, 24, 1, 8, 17, 32, 4, 5, 31, 18, 7, 9, 27, 22, 3, 33, 16, 20, 29, 35, 14, 11, 25]

37
[32, 4, 21, 28, 8, 17, 19, 6, 30, 34, 15, 10, 26, 23, 2, 7, 18, 31, 5, 20, 29, 35, 1, 24, 25, 11, 14, 22, 3, 33, 16, 9, 27, 37, 12, 13, 36]

38
[36, 13, 23, 26, 38, 11, 25, 24, 12, 37, 27, 9, 16, 33, 3, 22, 14, 2, 7, 18, 31, 5, 20, 29, 35, 1, 8, 28, 21, 4, 32, 17, 19, 6, 30, 34, 15, 10]

39
[21, 15, 34, 2, 7, 18, 31, 33, 3, 22, 14, 35, 29, 20, 5, 4, 32, 17, 19, 30, 6, 10, 39, 25, 11, 38, 26, 23, 13, 36, 28, 8, 1, 24, 12, 37, 27, 9, 16]

40
[3, 33, 16, 20, 29, 35, 14, 22, 27, 37, 12, 24, 40, 9, 7, 2, 34, 30, 19, 6, 10, 39, 25, 11, 38, 26, 23, 13, 36, 28, 21, 15, 1, 8, 17, 32, 4, 5, 31, 18]

41
[41, 8, 1, 35, 14, 11, 38, 26, 23, 2, 34, 30, 6, 19, 17, 32, 4, 5, 31, 33, 3, 22, 27, 37, 12, 13, 36, 28, 21, 15, 10, 39, 25, 24, 40, 9, 16, 20, 29, 7, 18]

42
[10, 26, 38, 11, 25, 39, 42, 22, 14, 35, 29, 20, 5, 31, 18, 7, 2, 34, 15, 1, 8, 41, 23, 13, 36, 28, 21, 4, 32, 17, 19, 30, 6, 3, 33, 16, 9, 27, 37, 12, 24, 40]

43
[25, 39, 10, 26, 23, 2, 34, 15, 21, 43, 38, 11, 14, 22, 42, 7, 18, 31, 33, 16, 20, 29, 35, 1, 24, 12, 37, 27, 9, 40, 41, 8, 28, 36, 13, 3, 6, 30, 19, 17, 32, 4, 5]

44
[43, 38, 26, 23, 41, 8, 1, 35, 29, 7, 18, 31, 5, 44, 20, 16, 33, 3, 13, 36, 28, 21, 15, 10, 39, 42, 22, 27, 37, 12, 4, 32, 17, 19, 6, 30, 34, 2, 14, 11, 25, 24, 40, 9]

45
[8, 28, 21, 43, 38, 26, 10, 6, 30, 34, 15, 1, 24, 40, 41, 23, 2, 7, 18, 31, 33, 3, 13, 36, 45, 19, 17, 32, 4, 12, 37, 27, 9, 16, 20, 29, 35, 14, 22, 42, 39, 25, 11, 5, 44]

46
[16, 20, 44, 5, 4, 32, 17, 8, 1, 24, 25, 39, 42, 22, 14, 11, 38, 43, 6, 3, 33, 31, 18, 46, 35, 29, 7, 2, 34, 30, 19, 45, 36, 13, 12, 37, 27, 9, 40, 41, 23, 26, 10, 15, 21, 28]

47
[30, 34, 47, 17, 32, 4, 21, 28, 8, 41, 23, 2, 14, 11, 38, 43, 6, 19, 45, 36, 13, 12, 37, 27, 22, 3, 33, 16, 9, 40, 24, 25, 39, 42, 7, 29, 20, 44, 5, 31, 18, 46, 35, 1, 15, 10, 26]

48
[3, 1, 48, 16, 33, 31, 5, 11, 14, 2, 47, 17, 32, 4, 45, 36, 28, 8, 41, 40, 9, 27, 22, 42, 7, 18, 46, 35, 29, 20, 44, 37, 12, 13, 23, 26, 38, 43, 21, 15, 34, 30, 19, 6, 10, 39, 25, 24]

49
[20, 16, 33, 48, 1, 35, 29, 7, 9, 40, 41, 8, 28, 36, 45, 4, 21, 43, 38, 11, 14, 2, 47, 34, 15, 49, 32, 17, 19, 30, 6, 10, 26, 23, 13, 12, 24, 25, 39, 42, 22, 27, 37, 44, 5, 31, 18, 46, 3]

50
[12, 37, 44, 20, 5, 11, 25, 39, 10, 15, 49, 32, 17, 8, 41, 23, 26, 38, 43, 6, 3, 13, 36, 28, 21, 4, 45, 19, 30, 34, 47, 2, 14, 50, 31, 33, 16, 48, 1, 24, 40, 9, 27, 22, 42, 7, 18, 46, 35, 29]

51
[22, 27, 9, 7, 42, 39, 25, 11, 5, 44, 37, 12, 4, 32, 17, 8, 1, 24, 40, 41, 23, 13, 3, 6, 10, 26, 38, 43, 21, 28, 36, 45, 19, 30, 51, 49, 15, 34, 47, 2, 14, 50, 31, 33, 48, 16, 20, 29, 35, 46, 18]

52
[8, 28, 36, 45, 19, 17, 32, 4, 21, 43, 38, 11, 25, 24, 12, 37, 27, 22, 42, 39, 10, 26, 23, 41, 40, 9, 7, 18, 46, 35, 1, 15, 49, 51, 13, 3, 6, 30, 34, 47, 2, 14, 50, 31, 5, 44, 20, 29, 52, 48, 33, 16]

