17
[2, 1, 3, 14, 7, 6, 15, 12, 9, 8, 13, 5, 16, 11, 10, 17, 4]
[2, 1, 3, 18, 9, 12, 15, 6, 7, 14, 13, 8, 4, 17, 10, 11, 16, 5]

18
[2, 1, 3, 18, 9, 12, 15, 6, 7, 14, 13, 8, 4, 17, 10, 11, 16, 5]
[2, 1, 3, 18, 9, 12, 15, 6, 7, 14, 13, 5, 16, 11, 10, 17, 19, 8, 4]

19
[2, 1, 3, 18, 9, 8, 19, 17, 10, 11, 16, 5, 12, 15, 6, 7, 14, 13, 4]
[2, 1, 3, 18, 9, 8, 4, 13, 14, 7, 10, 17, 19, 20, 16, 11, 6, 15, 12, 5]

20
[2, 1, 3, 18, 9, 12, 15, 6, 7, 20, 19, 17, 4, 14, 13, 8, 10, 11, 16, 5]
[2, 1, 3, 18, 21, 6, 15, 12, 9, 8, 13, 5, 16, 11, 10, 17, 19, 20, 7, 14, 4]

21
[2, 1, 3, 10, 17, 19, 8, 13, 14, 7, 20, 16, 11, 6, 15, 21, 18, 9, 12, 5, 4]
[2, 1, 3, 10, 17, 22, 14, 7, 11, 16, 20, 19, 8, 13, 4, 9, 18, 21, 15, 6, 12, 5]

22
[2, 1, 3, 10, 17, 22, 14, 7, 11, 16, 20, 19, 8, 13, 4, 9, 18, 21, 6, 15, 12, 5]
[2, 1, 3, 10, 11, 7, 20, 16, 23, 13, 14, 22, 17, 19, 8, 9, 18, 21, 6, 15, 12, 5, 4]

23
[2, 1, 3, 9, 18, 21, 6, 15, 12, 5, 8, 13, 14, 22, 17, 19, 20, 7, 10, 11, 16, 23, 4]
[2, 1, 3, 24, 12, 15, 6, 21, 18, 9, 4, 23, 16, 11, 10, 7, 20, 19, 17, 22, 14, 13, 8, 5]

24
[2, 1, 3, 18, 9, 12, 24, 15, 21, 6, 7, 11, 16, 20, 19, 17, 10, 8, 4, 23, 13, 14, 22, 5]
[2, 1, 3, 15, 24, 12, 9, 18, 21, 6, 7, 11, 25, 14, 22, 5, 13, 23, 16, 20, 19, 17, 10, 8, 4]

25
[2, 1, 3, 10, 8, 9, 18, 21, 15, 24, 12, 6, 7, 20, 19, 17, 22, 5, 13, 14, 25, 11, 16, 23, 4]
[2, 1, 3, 6, 12, 24, 15, 21, 18, 9, 4, 14, 22, 17, 19, 20, 16, 23, 13, 26, 25, 11, 7, 10, 8, 5]

26
[2, 1, 3, 10, 26, 25, 11, 6, 7, 20, 16, 23, 13, 8, 19, 17, 22, 14, 4, 9, 18, 21, 15, 24, 12, 5]
[2, 1, 3, 14, 22, 17, 19, 8, 13, 23, 16, 20, 7, 10, 26, 25, 11, 6, 15, 21, 18, 9, 27, 24, 12, 5, 4]

27
[2, 1, 3, 18, 21, 15, 24, 27, 9, 12, 6, 11, 25, 26, 10, 7, 20, 16, 23, 13, 14, 22, 17, 19, 8, 5, 4]
[2, 1, 3, 18, 21, 15, 24, 27, 9, 12, 6, 11, 25, 26, 10, 7, 20, 16, 23, 28, 8, 19, 17, 22, 14, 13, 4, 5]

28
[2, 1, 3, 18, 21, 15, 12, 24, 27, 9, 4, 13, 26, 25, 14, 22, 17, 10, 7, 6, 11, 28, 23, 16, 20, 19, 8, 5]
[2, 1, 3, 18, 21, 15, 12, 24, 27, 9, 8, 5, 7, 6, 11, 10, 29, 22, 17, 19, 20, 16, 23, 28, 26, 25, 14, 13, 4]

29
[2, 1, 3, 9, 18, 21, 6, 15, 24, 27, 12, 5, 16, 11, 28, 23, 13, 8, 19, 20, 7, 29, 22, 17, 10, 26, 25, 14, 4]
[2, 1, 3, 15, 12, 27, 24, 30, 6, 21, 18, 9, 4, 8, 13, 23, 28, 11, 25, 26, 10, 29, 7, 14, 22, 17, 19, 20, 16, 5]

30
[2, 1, 3, 18, 21, 15, 6, 30, 24, 12, 27, 9, 8, 28, 23, 16, 11, 25, 26, 10, 29, 22, 14, 13, 4, 17, 19, 20, 7, 5]
[2, 1, 3, 18, 21, 15, 6, 30, 24, 12, 27, 9, 8, 28, 26, 25, 29, 22, 14, 13, 23, 16, 11, 10, 7, 5, 31, 20, 19, 17, 4]

31
[2, 1, 3, 18, 9, 27, 12, 15, 24, 30, 21, 6, 11, 16, 20, 7, 10, 29, 25, 26, 28, 23, 31, 5, 13, 14, 22, 17, 19, 8, 4]
[2, 1, 3, 18, 21, 30, 9, 27, 24, 15, 12, 6, 11, 16, 20, 7, 10, 29, 22, 17, 19, 8, 31, 32, 4, 23, 28, 26, 25, 14, 13, 5]

32
[2, 1, 3, 14, 13, 8, 4, 17, 22, 29, 25, 11, 16, 20, 19, 32, 31, 23, 28, 26, 10, 7, 6, 30, 21, 18, 9, 27, 24, 15, 12, 5]
[2, 1, 3, 14, 25, 29, 22, 32, 31, 20, 19, 8, 9, 27, 24, 30, 33, 18, 21, 15, 12, 5, 13, 26, 28, 23, 16, 11, 6, 7, 10, 17, 4]

33
[2, 1, 3, 9, 12, 27, 24, 15, 21, 18, 33, 30, 6, 7, 32, 19, 17, 10, 29, 22, 14, 25, 11, 16, 20, 31, 23, 28, 26, 13, 8, 5, 4]
[2, 1, 3, 9, 4, 13, 26, 25, 29, 34, 20, 31, 8, 28, 23, 16, 11, 10, 17, 19, 32, 22, 14, 7, 6, 15, 21, 18, 33, 30, 24, 27, 12, 5]

34
[2, 1, 3, 9, 12, 27, 24, 30, 33, 18, 21, 15, 6, 7, 32, 19, 8, 31, 23, 28, 26, 13, 4, 14, 25, 29, 34, 20, 16, 11, 10, 17, 22, 5]
[2, 1, 3, 18, 33, 30, 21, 15, 24, 27, 12, 9, 8, 19, 35, 28, 26, 13, 23, 31, 32, 7, 6, 11, 16, 20, 34, 17, 10, 29, 25, 14, 22, 5, 4]

35
[2, 1, 3, 33, 18, 9, 27, 24, 30, 21, 15, 6, 12, 5, 34, 17, 19, 32, 7, 29, 22, 14, 25, 11, 28, 26, 10, 8, 13, 23, 31, 20, 16, 35, 4]
[2, 1, 3, 9, 27, 36, 18, 33, 30, 21, 15, 24, 12, 6, 7, 29, 25, 14, 13, 26, 28, 8, 10, 11, 16, 23, 4, 35, 19, 17, 22, 32, 31, 20, 34, 5]

36
[2, 1, 3, 36, 15, 24, 12, 27, 9, 30, 21, 18, 33, 6, 11, 16, 35, 28, 26, 25, 29, 34, 20, 19, 32, 7, 10, 8, 31, 23, 4, 17, 22, 14, 13, 5]
[2, 1, 3, 36, 15, 24, 12, 27, 9, 30, 33, 18, 21, 6, 11, 16, 35, 28, 26, 25, 29, 34, 20, 19, 32, 7, 10, 17, 37, 14, 22, 5, 13, 23, 31, 8, 4]

37
[2, 1, 3, 33, 30, 9, 12, 27, 24, 15, 36, 18, 21, 6, 7, 5, 34, 20, 16, 11, 25, 29, 10, 17, 37, 26, 13, 14, 22, 32, 31, 23, 28, 35, 19, 8, 4]
[2, 1, 3, 33, 30, 6, 21, 18, 36, 15, 24, 27, 12, 9, 4, 17, 37, 26, 10, 8, 31, 32, 22, 14, 13, 23, 28, 11, 7, 20, 19, 35, 16, 38, 25, 29, 34, 5]

38
[2, 1, 3, 15, 6, 30, 21, 33, 18, 36, 27, 24, 12, 9, 8, 19, 35, 16, 38, 13, 4, 23, 28, 11, 25, 29, 10, 26, 37, 14, 22, 17, 34, 20, 31, 32, 7, 5]
[2, 1, 3, 24, 39, 15, 12, 9, 27, 36, 18, 33, 21, 30, 6, 11, 28, 23, 31, 20, 7, 32, 22, 14, 25, 29, 10, 26, 37, 17, 34, 5, 8, 19, 35, 16, 38, 13, 4]

39
[2, 1, 3, 18, 36, 27, 24, 39, 12, 9, 30, 33, 21, 15, 6, 7, 11, 10, 29, 25, 26, 37, 17, 34, 20, 16, 38, 13, 23, 28, 35, 19, 32, 31, 8, 5, 22, 14, 4]
[2, 1, 3, 9, 30, 33, 21, 18, 36, 27, 12, 39, 24, 15, 6, 7, 32, 19, 35, 28, 11, 40, 23, 16, 20, 31, 8, 10, 26, 37, 17, 34, 29, 25, 38, 13, 4, 14, 22, 5]

40
[2, 1, 3, 10, 11, 40, 23, 28, 35, 16, 38, 25, 26, 37, 17, 19, 32, 7, 14, 22, 29, 34, 20, 31, 8, 13, 4, 9, 30, 24, 39, 15, 21, 6, 33, 18, 36, 27, 12, 5]
[2, 1, 3, 10, 26, 13, 41, 40, 11, 25, 38, 16, 23, 28, 35, 19, 20, 34, 17, 37, 14, 22, 29, 7, 32, 31, 8, 9, 30, 24, 39, 15, 21, 6, 33, 18, 36, 27, 12, 5, 4]

41
[2, 1, 3, 33, 30, 24, 39, 12, 27, 36, 15, 6, 21, 18, 9, 8, 31, 23, 13, 38, 16, 35, 28, 26, 37, 17, 10, 41, 40, 11, 25, 14, 22, 32, 19, 20, 7, 29, 34, 5, 4]
[2, 1, 3, 18, 9, 12, 39, 42, 21, 33, 30, 24, 27, 36, 15, 6, 7, 29, 10, 41, 40, 23, 28, 11, 25, 38, 16, 35, 4, 14, 22, 32, 19, 17, 37, 26, 13, 8, 31, 20, 34, 5]

42
[2, 1, 3, 18, 21, 33, 30, 9, 12, 42, 39, 24, 27, 36, 15, 6, 7, 32, 4, 14, 22, 29, 25, 26, 37, 17, 19, 35, 28, 23, 16, 38, 13, 41, 40, 11, 10, 8, 31, 20, 34, 5]
[2, 1, 3, 18, 21, 33, 30, 9, 12, 42, 39, 24, 27, 36, 15, 6, 7, 20, 31, 32, 22, 41, 40, 23, 28, 11, 16, 35, 19, 17, 37, 14, 13, 38, 43, 8, 10, 26, 25, 29, 34, 5, 4]

43
[2, 1, 3, 15, 36, 27, 24, 12, 39, 42, 21, 33, 18, 9, 30, 6, 7, 29, 10, 41, 40, 14, 37, 26, 25, 38, 13, 23, 31, 32, 22, 17, 34, 5, 16, 20, 43, 11, 28, 35, 19, 8, 4]
[2, 1, 3, 15, 36, 27, 24, 12, 39, 42, 21, 33, 18, 9, 30, 6, 7, 44, 37, 14, 25, 26, 28, 35, 16, 11, 40, 41, 22, 32, 31, 23, 13, 38, 43, 8, 10, 29, 34, 20, 19, 17, 4, 5]

44
[2, 1, 3, 18, 36, 27, 24, 12, 15, 39, 42, 21, 6, 33, 30, 9, 4, 17, 34, 20, 7, 44, 37, 14, 22, 29, 25, 26, 28, 23, 40, 41, 10, 8, 13, 38, 43, 11, 16, 35, 19, 32, 31, 5]
[2, 1, 3, 33, 30, 21, 15, 39, 24, 27, 36, 18, 45, 9, 42, 12, 6, 11, 7, 29, 10, 26, 37, 44, 19, 20, 34, 17, 22, 32, 31, 23, 16, 5, 13, 41, 40, 14, 25, 38, 43, 8, 28, 35, 4]

45
[2, 1, 3, 10, 41, 13, 14, 40, 23, 31, 20, 43, 38, 16, 35, 28, 11, 25, 26, 37, 17, 34, 29, 7, 44, 19, 8, 9, 30, 33, 21, 15, 6, 45, 18, 36, 27, 24, 39, 42, 12, 5, 22, 32, 4]
[2, 1, 3, 10, 26, 25, 29, 34, 17, 46, 35, 19, 44, 37, 14, 13, 41, 40, 23, 16, 38, 43, 11, 28, 8, 31, 20, 7, 6, 45, 18, 36, 27, 24, 39, 15, 12, 42, 21, 33, 30, 9, 4, 32, 22, 5]

46
[2, 1, 3, 33, 30, 9, 45, 18, 36, 15, 24, 27, 12, 39, 42, 21, 6, 7, 29, 34, 17, 19, 20, 43, 38, 25, 26, 28, 35, 46, 8, 13, 4, 32, 22, 41, 10, 44, 37, 14, 40, 11, 16, 23, 31, 5]
[2, 1, 3, 15, 12, 5, 16, 23, 31, 32, 22, 41, 40, 14, 37, 44, 10, 11, 6, 33, 30, 21, 42, 39, 24, 27, 36, 18, 45, 9, 8, 46, 35, 28, 26, 25, 29, 7, 47, 34, 17, 19, 20, 43, 38, 13, 4]

47
[2, 1, 3, 18, 36, 45, 9, 42, 21, 33, 30, 6, 15, 39, 24, 27, 12, 5, 46, 35, 28, 11, 7, 32, 22, 14, 37, 44, 10, 29, 34, 17, 19, 20, 43, 8, 31, 23, 40, 41, 13, 26, 25, 38, 16, 47, 4]
[2, 1, 3, 48, 15, 39, 24, 27, 12, 42, 9, 45, 36, 18, 21, 33, 30, 6, 7, 32, 31, 20, 16, 47, 4, 23, 28, 35, 19, 44, 10, 11, 40, 41, 22, 17, 34, 29, 25, 14, 37, 26, 13, 38, 43, 8, 46, 5]

48
[2, 1, 3, 18, 45, 36, 15, 48, 33, 6, 30, 21, 42, 39, 24, 27, 12, 9, 4, 8, 13, 38, 43, 11, 10, 41, 40, 14, 22, 29, 25, 26, 28, 23, 31, 32, 19, 44, 37, 17, 34, 47, 7, 20, 16, 35, 46, 5]
[2, 1, 3, 18, 45, 36, 15, 48, 33, 21, 42, 39, 24, 27, 12, 9, 30, 6, 7, 29, 10, 26, 37, 44, 19, 35, 28, 23, 31, 20, 16, 47, 34, 17, 22, 14, 13, 41, 40, 11, 25, 38, 43, 8, 46, 5, 49, 32, 4]

49
[2, 1, 3, 48, 15, 12, 27, 24, 39, 42, 21, 33, 18, 36, 45, 9, 30, 6, 7, 47, 34, 29, 22, 5, 16, 38, 43, 20, 31, 8, 46, 17, 10, 41, 40, 23, 13, 14, 49, 32, 19, 44, 37, 26, 25, 11, 28, 35, 4]
[2, 1, 3, 48, 15, 12, 39, 42, 21, 33, 18, 36, 27, 24, 30, 9, 45, 6, 7, 29, 25, 26, 28, 23, 4, 14, 40, 41, 22, 17, 37, 44, 10, 8, 46, 35, 19, 20, 34, 47, 16, 11, 43, 38, 13, 50, 31, 32, 49, 5]

50
[2, 1, 3, 48, 33, 21, 42, 39, 15, 36, 18, 45, 6, 30, 24, 12, 27, 9, 4, 50, 13, 23, 28, 35, 46, 17, 19, 44, 37, 26, 25, 29, 7, 47, 34, 20, 43, 38, 16, 11, 40, 14, 49, 32, 22, 41, 10, 8, 31, 5]
[2, 1, 3, 48, 33, 21, 15, 36, 27, 12, 51, 30, 24, 39, 42, 9, 18, 45, 6, 11, 28, 23, 40, 14, 49, 32, 31, 8, 46, 35, 19, 44, 37, 17, 34, 47, 16, 20, 43, 38, 25, 26, 10, 41, 22, 29, 7, 5, 13, 50, 4]

51
[2, 1, 3, 51, 12, 42, 39, 24, 15, 48, 33, 30, 21, 18, 45, 36, 27, 9, 8, 46, 17, 10, 44, 37, 26, 28, 23, 40, 41, 22, 29, 34, 47, 16, 35, 19, 20, 43, 38, 25, 11, 6, 7, 32, 49, 14, 13, 50, 31, 5, 4]
[2, 1, 3, 51, 12, 42, 39, 24, 27, 36, 45, 18, 21, 30, 33, 48, 15, 6, 7, 10, 44, 37, 26, 28, 23, 40, 41, 22, 29, 52, 11, 25, 38, 43, 20, 16, 47, 34, 17, 19, 35, 46, 8, 9, 4, 50, 13, 14, 49, 32, 31, 5]

