1
[1]

2
[1, 2]

3
[3, 1, 2]

4
[4, 3, 1, 2]

5
[4, 2, 5, 1, 3]

6
[2, 5, 4, 3, 6, 1]

7
[4, 3, 1, 6, 7, 5, 2]

8
[2, 4, 5, 8, 1, 3, 6, 7]

9
[7, 6, 3, 1, 2, 5, 4, 9, 8]

10
[2, 4, 5, 7, 6, 1, 8, 9, 3, 10]

11
[5, 4, 3, 9, 8, 10, 11, 1, 2, 7, 6]

12
[11, 7, 10, 2, 5, 12, 1, 6, 3, 9, 8, 4]

13
[7, 6, 11, 1, 12, 9, 3, 4, 13, 8, 10, 2, 5]

14
[14, 13, 8, 9, 12, 5, 2, 4, 3, 6, 7, 10, 11, 1]

15
[13, 14, 4, 9, 12, 15, 3, 10, 2, 7, 11, 6, 1, 8, 5]

16
[7, 5, 16, 11, 1, 6, 3, 10, 8, 9, 12, 15, 2, 4, 13, 14]

